5c 63 68 61 70 74 65 72  7b 56 61 6c 75 74 61 7a
69 6f 6e 65 7d 5c 6c 61  62 65 6c 7b 63 68 61 70
3a 76 61 6c 75 74 61 7a  69 6f 6e 65 7d 0a 0a 5c
73 65 63 74 69 6f 6e 7b  49 6e 74 72 6f 64 75 7a
69 6f 6e 65 20 61 6c 20  63 61 70 69 74 6f 6c 6f
7d 5c 6c 61 62 65 6c 7b  73 65 63 3a 69 6e 74 72
6f 5f 63 61 70 35 7d 0a  0a 4e 65 6c 20 5c 63 72
65 66 7b 63 68 61 70 3a  69 6d 70 6c 65 6d 65 6e
74 61 7a 69 6f 6e 65 7d  20 61 62 62 69 61 6d 6f
20 64 65 73 63 72 69 74  74 6f 20 63 6f 6d 65 20
69 6c 20 73 69 73 74 65  6d 61 20 73 69 61 20 73
74 61 74 6f 20 63 6f 73  74 72 75 69 74 6f 3b 20
61 6e 64 72 65 6d 6f 20  61 64 65 73 73 6f 20 61
20 76 61 6c 75 74 61 72  6e 65 20 69 6c 20 63 6f
6d 70 6f 72 74 61 6d 65  6e 74 6f 2e 20 44 69 73
74 69 6e 67 75 69 61 6d  6f 20 64 75 65 20 70 69
61 6e 69 20 64 69 20 61  6e 61 6c 69 73 69 3a 20
6c 27 5c 74 65 78 74 62  66 7b 65 66 66 69 63 69
65 6e 7a 61 7d 20 28 5c  63 72 65 66 7b 73 65 63
3a 65 66 66 69 63 69 65  6e 7a 61 7d 29 2c 20 6f
76 76 65 72 6f 20 6c 65  20 70 72 65 73 74 61 7a
69 6f 6e 69 20 71 75 61  6e 74 69 74 61 74 69 76
65 20 6d 69 73 75 72 61  62 69 6c 69 20 28 74 65
6d 70 6f 20 64 69 20 67  65 6e 65 72 61 7a 69 6f
6e 65 2c 20 74 61 73 73  6f 20 64 69 20 65 73 65
63 75 7a 69 6f 6e 65 20  63 6f 72 72 65 74 74 61
2c 20 63 6f 6e 76 65 72  67 65 6e 7a 61 20 64 65
6c 20 74 72 61 69 6e 69  6e 67 29 20 65 20 6c 27
5c 74 65 78 74 62 66 7b  65 66 66 69 63 61 63 69
61 7d 20 28 5c 63 72 65  66 7b 73 65 63 3a 65 66
66 69 63 61 63 69 61 7d  29 2c 20 6f 76 76 65 72
6f 20 69 6c 20 6d 69 67  6c 69 6f 72 61 6d 65 6e
74 6f 20 71 75 61 6c 69  74 61 74 69 76 6f 20 61
70 70 6f 72 74 61 74 6f  20 64 61 6c 20 73 69 73
74 65 6d 61 20 72 69 73  70 65 74 74 6f 20 61 6c
6c 65 20 73 6f 6c 75 7a  69 6f 6e 69 20 70 72 65
63 65 64 65 6e 74 69 20  28 66 75 6e 7a 69 6f 6e
61 6c 69 74 c3 a0 2c 20  75 73 61 62 69 6c 69 74
c3 a0 20 65 20 66 6c 65  73 73 69 62 69 6c 69 74
c3 a0 29 2e 0a 0a 5c 73  75 62 73 65 63 74 69 6f
6e 7b 4d 65 74 6f 64 6f  6c 6f 67 69 61 20 67 65
6e 65 72 61 6c 65 7d 5c  6c 61 62 65 6c 7b 73 75
62 73 65 63 3a 6d 65 74  6f 64 6f 6c 6f 67 69 61
7d 0a 0a 4c 61 20 76 61  6c 75 74 61 7a 69 6f 6e
65 20 71 75 61 6e 74 69  74 61 74 69 76 61 20 c3
a8 20 73 74 61 74 61 20  63 6f 6e 64 6f 74 74 61
20 73 65 63 6f 6e 64 6f  20 75 6e 61 20 70 69 70
65 6c 69 6e 65 20 61 20  64 75 65 20 66 61 73 69
2c 20 65 73 65 67 75 69  74 65 20 73 75 20 6d 61
63 63 68 69 6e 65 20 64  69 76 65 72 73 65 20 70
65 72 20 72 61 67 69 6f  6e 69 20 64 69 20 64 69
73 70 6f 6e 69 62 69 6c  69 74 c3 a0 20 68 61 72
64 77 61 72 65 3a 0a 0a  0a 5c 62 65 67 69 6e 7b
65 6e 75 6d 65 72 61 74  65 7d 0a 20 20 20 20 5c
69 74 65 6d 20 5c 74 65  78 74 62 66 7b 46 61 73
65 20 31 20 2d 2d 2d 20  47 65 6e 65 72 61 7a 69
6f 6e 65 20 64 65 6c 6c  65 20 70 72 65 64 69 7a
69 6f 6e 69 7d 20 5c 5c  20 0a 20 20 20 20 28 5c
63 6f 64 65 7b 67 65 6e  65 72 61 74 65 5c 5f 70
72 65 64 69 63 74 69 6f  6e 73 2e 70 79 7d 29 3a
20 70 65 72 20 63 69 61  73 63 75 6e 61 20 64 6f
6d 61 6e 64 61 20 64 69  20 75 6e 20 74 65 73 74
20 73 65 74 20 64 69 20  35 30 30 20 65 73 65 6d
70 69 2c 20 69 6c 20 6d  6f 64 65 6c 6c 6f 20 66
69 6e 65 2d 74 75 6e 65  64 20 67 65 6e 65 72 61
20 6c 61 20 71 75 65 72  79 20 53 50 41 52 51 4c
20 63 6f 72 72 69 73 70  6f 6e 64 65 6e 74 65 2c
20 72 65 67 69 73 74 72  61 6e 64 6f 20 61 6e 63
68 65 20 69 6c 20 74 65  6d 70 6f 20 64 69 20 67
65 6e 65 72 61 7a 69 6f  6e 65 20 70 65 72 20 65
73 65 6d 70 69 6f 2e 0a  20 20 20 20 5c 69 74 65
6d 20 5c 74 65 78 74 62  66 7b 46 61 73 65 20 32
20 2d 2d 2d 20 56 61 6c  75 74 61 7a 69 6f 6e 65
20 63 6f 6e 74 72 6f 20  42 6c 61 7a 65 67 72 61
70 68 7d 20 5c 5c 0a 20  20 20 20 28 5c 63 6f 64
65 7b 65 76 61 6c 75 61  74 65 5c 5f 61 67 61 69
6e 73 74 5c 5f 62 6c 61  7a 65 67 72 61 70 68 2e
70 79 7d 29 3a 20 73 69  61 20 6c 61 20 71 75 65
72 79 20 67 65 6e 65 72  61 74 61 20 73 69 61 20
71 75 65 6c 6c 61 20 64  69 20 72 69 66 65 72 69
6d 65 6e 74 6f 20 76 65  6e 67 6f 6e 6f 20 65 73
65 67 75 69 74 65 20 63  6f 6e 74 72 6f 20 6c 27
65 6e 64 70 6f 69 6e 74  20 42 6c 61 7a 65 67 72
61 70 68 20 72 65 61 6c  65 20 64 65 6c 20 44 61
74 61 76 61 75 6c 74 2c  20 65 20 69 20 72 69 73
70 65 74 74 69 76 69 20  69 6e 73 69 65 6d 69 20
64 69 20 72 69 73 75 6c  74 61 74 69 20 76 65 6e
67 6f 6e 6f 20 63 6f 6e  66 72 6f 6e 74 61 74 69
20 70 65 72 20 63 61 6c  63 6f 6c 61 72 65 20 70
72 65 63 69 73 69 6f 6e  2c 20 72 65 63 61 6c 6c
20 65 20 46 31 2e 0a 5c  65 6e 64 7b 65 6e 75 6d
65 72 61 74 65 7d 0a 0a  0a 41 62 62 69 61 6d 6f
20 64 6f 76 75 74 6f 20  64 69 76 69 64 65 72 65
20 6c 61 20 70 69 70 65  6c 69 6e 65 20 69 6e 20
64 75 65 20 66 61 73 69  20 70 65 72 63 68 c3 a9
20 6c 61 20 66 61 73 65  20 64 69 20 67 65 6e 65
72 61 7a 69 6f 6e 65 20  72 69 63 68 69 65 64 65
20 6c 27 61 63 63 65 6c  65 72 61 7a 69 6f 6e 65
20 47 50 55 20 28 6e 6f  6e 20 64 69 73 70 6f 6e
69 62 69 6c 65 20 6c 6f  63 61 6c 6d 65 6e 74 65
29 2c 20 6d 65 6e 74 72  65 20 6c 61 20 66 61 73
65 20 64 69 20 76 61 6c  75 74 61 7a 69 6f 6e 65
20 72 69 63 68 69 65 64  65 20 73 6f 6c 6f 20 63
68 69 61 6d 61 74 65 20  49 2f 4f 20 76 65 72 73
6f 20 6c 27 65 6e 64 70  6f 69 6e 74 20 42 6c 61
7a 65 67 72 61 70 68 20  65 20 70 75 c3 b2 20 65
73 73 65 72 65 20 65 73  65 67 75 69 74 61 20 63
6f 6d 6f 64 61 6d 65 6e  74 65 20 73 75 20 43 50
55 2e 5c 40 0a 0a 5c 6e  65 77 70 61 67 65 0a 0a
5c 73 75 62 73 75 62 73  65 63 74 69 6f 6e 7b 4e
6f 74 61 20 6d 65 74 6f  64 6f 6c 6f 67 69 63 61
3a 20 63 6f 6e 66 72 6f  6e 74 6f 20 73 75 6c 6c
27 69 6e 73 69 65 6d 65  20 63 6f 6d 70 6c 65 74
6f 20 64 65 69 20 72 69  73 75 6c 74 61 74 69 7d
5c 6c 61 62 65 6c 7b 73  75 62 73 65 63 3a 6e 6f
74 61 5f 6d 65 74 6f 64  6f 6c 6f 67 69 63 61 7d
0a 0a 55 6e 61 20 73 63  65 6c 74 61 20 6d 65 74
6f 64 6f 6c 6f 67 69 63  61 20 72 69 6c 65 76 61
6e 74 65 20 72 69 67 75  61 72 64 61 20 69 6c 20
74 72 61 74 74 61 6d 65  6e 74 6f 20 64 65 6c 6c
65 20 63 6c 61 75 73 6f  6c 65 20 5c 63 6f 64 65
7b 4f 52 44 45 52 20 42  59 7d 20 65 20 5c 63 6f
64 65 7b 4c 49 4d 49 54  7d 2e 20 53 50 41 52 51
4c 20 6e 6f 6e 20 67 61  72 61 6e 74 69 73 63 65
20 75 6e 20 6f 72 64 69  6e 65 20 64 65 74 65 72
6d 69 6e 69 73 74 69 63  6f 20 64 65 69 20 72 69
73 75 6c 74 61 74 69 20  71 75 61 6e 64 6f 20 c3
a8 20 70 72 65 73 65 6e  74 65 20 75 6e 20 5c 63
6f 64 65 7b 4c 49 4d 49  54 7d 20 73 65 6e 7a 61
20 75 6e 20 63 6f 72 72  69 73 70 6f 6e 64 65 6e
74 65 20 5c 63 6f 64 65  7b 4f 52 44 45 52 20 42
59 7d 3a 20 65 73 65 67  75 69 72 65 20 64 75 65
20 76 6f 6c 74 65 20 6c  61 20 73 74 65 73 73 61
20 71 75 65 72 79 20 70  75 c3 b2 20 72 65 73 74
69 74 75 69 72 65 20 63  61 6d 70 69 6f 6e 69 20
64 69 76 65 72 73 69 20  64 65 6c 6c 65 20 72 69
67 68 65 20 64 69 73 70  6f 6e 69 62 69 6c 69 2c
20 70 72 6f 64 75 63 65  6e 64 6f 20 66 61 6c 73
69 20 6e 65 67 61 74 69  76 69 20 61 6e 63 68 65
20 71 75 61 6e 64 6f 20  6c 61 20 71 75 65 72 79
20 67 65 6e 65 72 61 74  61 20 c3 a8 20 74 65 73
74 75 61 6c 6d 65 6e 74  65 20 69 64 65 6e 74 69
63 61 20 61 20 71 75 65  6c 6c 61 20 64 69 20 72
69 66 65 72 69 6d 65 6e  74 6f 2e 0a 0a 50 65 72
20 71 75 65 73 74 6f 20  6d 6f 74 69 76 6f 2c 20
70 72 65 63 69 73 69 6f  6e 20 65 20 72 65 63 61
6c 6c 20 76 65 6e 67 6f  6e 6f 20 63 61 6c 63 6f
6c 61 74 65 20 73 75 6c  6c 27 69 6e 73 69 65 6d
65 20 5c 65 6d 70 68 7b  63 6f 6d 70 6c 65 74 6f
7d 20 64 65 69 20 72 69  73 75 6c 74 61 74 69 2c
20 64 6f 70 6f 20 61 76  65 72 20 72 69 6d 6f 73
73 6f 20 5c 63 6f 64 65  7b 4f 52 44 45 52 20 42
59 7d 20 65 20 5c 63 6f  64 65 7b 4c 49 4d 49 54
7d 20 64 61 20 65 6e 74  72 61 6d 62 65 20 6c 65
20 71 75 65 72 79 20 70  72 69 6d 61 20 64 65 6c
6c 27 65 73 65 63 75 7a  69 6f 6e 65 2e 20 4c 27
6f 62 69 65 74 74 69 76  6f 20 c3 a8 20 69 73 6f
6c 61 72 65 20 6c 61 20  63 6f 72 72 65 74 74 65
7a 7a 61 20 64 65 6c 6c  61 20 5c 65 6d 70 68 7b
6c 6f 67 69 63 61 20 64  69 20 66 69 6c 74 72 6f
7d 20 28 6c 61 20 63 6c  61 75 73 6f 6c 61 20 5c
63 6f 64 65 7b 57 48 45  52 45 7d 29 2c 20 63 69
6f c3 a8 20 73 65 20 69  6c 20 6d 6f 64 65 6c 6c
6f 20 68 61 20 63 61 70  69 74 6f 20 5c 65 6d 70
68 7b 71 75 61 6c 69 7d  20 65 6c 65 6d 65 6e 74
69 20 63 65 72 63 61 72  65 2c 20 64 61 20 75 6e
20 63 6f 6e 74 72 6f 6c  6c 6f 20 64 69 73 74 69
6e 74 6f 20 73 75 6c 6c  61 20 63 6c 61 75 73 6f
6c 61 20 5c 63 6f 64 65  7b 4c 49 4d 49 54 7d 3a
20 72 65 67 69 73 74 72  61 74 6f 20 6e 65 6c 6c
61 20 63 6f 6c 6f 6e 6e  61 20 5c 63 6f 64 65 7b
6c 69 6d 69 74 5c 5f 6d  61 74 63 68 7d 20 64 65
6c 20 64 61 74 61 73 65  74 20 64 69 20 76 61 6c
75 74 61 7a 69 6f 6e 65  2c 20 76 65 72 69 66 69
63 61 20 73 65 20 69 6c  20 6d 6f 64 65 6c 6c 6f
20 68 61 20 63 61 70 69  74 6f 20 61 6e 63 68 65
20 5c 65 6d 70 68 7b 71  75 61 6e 74 69 7d 20 65
6c 65 6d 65 6e 74 69 20  65 72 61 6e 6f 20 72 69
63 68 69 65 73 74 69 2e  0a 0a 25 20 3d 3d 3d 3d
3d 3d 3d 3d 3d 3d 3d 3d  3d 3d 3d 3d 3d 3d 3d 3d
3d 3d 3d 3d 3d 3d 3d 3d  3d 3d 3d 3d 3d 3d 3d 3d
3d 3d 3d 3d 3d 3d 3d 3d  3d 3d 3d 3d 3d 3d 3d 3d
3d 3d 3d 3d 3d 3d 3d 3d  3d 3d 3d 3d 3d 3d 3d 3d
3d 3d 3d 3d 3d 3d 3d 3d  3d 0a 5c 73 65 63 74 69
6f 6e 7b 45 66 66 69 63  69 65 6e 7a 61 3a 20 76
61 6c 75 74 61 7a 69 6f  6e 65 20 71 75 61 6e 74
69 74 61 74 69 76 61 7d  5c 6c 61 62 65 6c 7b 73
65 63 3a 65 66 66 69 63  69 65 6e 7a 61 7d 0a 25
20 3d 3d 3d 3d 3d 3d 3d  3d 3d 3d 3d 3d 3d 3d 3d
3d 3d 3d 3d 3d 3d 3d 3d  3d 3d 3d 3d 3d 3d 3d 3d
3d 3d 3d 3d 3d 3d 3d 3d  3d 3d 3d 3d 3d 3d 3d 3d
3d 3d 3d 3d 3d 3d 3d 3d  3d 3d 3d 3d 3d 3d 3d 3d
3d 3d 3d 3d 3d 3d 3d 3d  3d 3d 3d 3d 3d 3d 0a 0a
5c 73 75 62 73 65 63 74  69 6f 6e 7b 53 74 72 75
74 74 75 72 61 20 64 65  69 20 74 65 73 74 7d 5c
6c 61 62 65 6c 7b 73 75  62 73 65 63 3a 73 74 72
75 74 74 75 72 61 5f 74  65 73 74 7d 0a 0a 49 20
70 61 72 61 6d 65 74 72  69 20 64 69 20 65 73 65
63 75 7a 69 6f 6e 65 20  64 65 6c 20 74 65 73 74
20 73 6f 6e 6f 20 69 20  73 65 67 75 65 6e 74 69
3a 0a 0a 25 20 5c 76 73  70 61 63 65 7b 2d 30 2e
32 63 6d 7d 20 25 20 52  69 64 75 63 65 20 6c 65
67 67 65 72 6d 65 6e 74  65 20 6c 6f 20 73 70 61
7a 69 6f 20 70 72 69 6d  61 20 64 65 6c 6c 61 20
6c 69 73 74 61 0a 5c 62  65 67 69 6e 7b 69 74 65
6d 69 7a 65 7d 0a 20 20  20 20 5c 69 74 65 6d 20
5c 74 65 78 74 62 66 7b  4d 61 63 63 68 69 6e 61
20 28 67 65 6e 65 72 61  7a 69 6f 6e 65 29 7d 3a
20 47 50 55 20 4e 56 49  44 49 41 20 54 34 20 28
73 75 20 4b 61 67 67 6c  65 29 2c 20 6d 6f 64 65
6c 6c 6f 20 50 68 69 2d  33 2d 6d 69 6e 69 20 66
69 6e 65 2d 74 75 6e 65  64 20 63 6f 6e 20 61 64
61 70 74 65 72 20 4c 6f  52 41 20 66 75 73 6f 20
28 5c 63 6f 64 65 7b 6d  65 72 67 65 5c 5f 61 6e
64 5c 5f 75 6e 6c 6f 61  64 7d 29 2e 0a 20 20 20
20 5c 69 74 65 6d 20 5c  74 65 78 74 62 66 7b 4d
61 63 63 68 69 6e 61 20  28 76 61 6c 75 74 61 7a
69 6f 6e 65 29 7d 3a 20  43 50 55 20 6c 6f 63 61
6c 65 2e 20 4e 65 73 73  75 6e 20 6d 6f 64 65 6c
6c 6f 20 63 61 72 69 63  61 74 6f 3b 20 65 73 65
67 75 65 20 75 6e 69 63  61 6d 65 6e 74 65 20 63
68 69 61 6d 61 74 65 20  48 54 54 50 20 76 65 72
73 6f 20 6c 27 65 6e 64  70 6f 69 6e 74 20 42 6c
61 7a 65 67 72 61 70 68  20 76 69 61 20 70 72 6f
78 79 20 56 69 74 65 2e  0a 20 20 20 20 5c 69 74
65 6d 20 5c 74 65 78 74  62 66 7b 54 61 73 6b 7d
3a 20 54 72 61 64 75 7a  69 6f 6e 65 20 64 69 20
75 6e 61 20 64 6f 6d 61  6e 64 61 20 69 6e 20 69
74 61 6c 69 61 6e 6f 20  69 6e 20 75 6e 61 20 71
75 65 72 79 20 53 50 41  52 51 4c 2c 20 63 6f 6e
66 72 6f 6e 74 61 74 61  20 63 6f 6e 74 72 6f 20
69 6c 20 72 69 66 65 72  69 6d 65 6e 74 6f 20 67
65 6e 65 72 61 74 6f 20  64 61 6c 20 73 69 73 74
65 6d 61 20 61 20 74 65  6d 70 6c 61 74 65 20 28
5c 63 72 65 66 7b 73 75  62 73 65 63 3a 64 61 74
61 73 65 74 5f 67 65 6e  7d 29 2e 0a 20 20 20 20
5c 69 74 65 6d 20 5c 74  65 78 74 62 66 7b 44 61
74 69 20 28 54 65 73 74  20 53 65 74 29 7d 3a 20
35 30 30 20 65 73 65 6d  70 69 2e 20 43 6f 73 74
69 74 75 69 73 63 65 20  75 6e 61 20 72 65 61 6c
65 20 70 61 72 74 69 7a  69 6f 6e 65 20 5c 74 65
78 74 69 74 7b 68 65 6c  64 2d 6f 75 74 7d 20 28
65 73 74 72 61 74 74 61  20 61 6c 20 35 5c 25 20
63 6f 6e 20 73 65 65 64  20 64 65 74 65 72 6d 69
6e 69 73 74 69 63 6f 20  5c 63 6f 64 65 7b 33 34
30 37 7d 29 2c 20 70 72  69 76 61 20 64 69 20 73
6f 76 72 61 70 70 6f 73  69 7a 69 6f 6e 69 20 63
6f 6c 20 74 72 61 69 6e  69 6e 67 2e 0a 5c 65 6e
64 7b 69 74 65 6d 69 7a  65 7d 0a 0a 5c 73 75 62
73 65 63 74 69 6f 6e 7b  44 69 73 74 72 69 62 75
7a 69 6f 6e 65 20 64 65  6c 20 74 65 73 74 20 73
65 74 20 70 65 72 20 63  61 74 65 67 6f 72 69 61
7d 5c 6c 61 62 65 6c 7b  73 75 62 73 65 63 3a 64
69 73 74 72 69 62 75 7a  69 6f 6e 65 5f 74 65 73
74 7d 0a 0a 49 6c 20 74  65 73 74 20 73 65 74 20
65 73 74 72 61 74 74 6f  20 63 6f 70 72 65 20 37
20 64 65 6c 6c 65 20 31  34 20 63 61 74 65 67 6f
72 69 65 20 64 69 20 71  75 65 72 79 20 64 65 66
69 6e 69 74 65 20 6e 65  6c 20 67 65 6e 65 72 61
74 6f 72 65 20 28 5c 63  72 65 66 7b 73 75 62 73
65 63 3a 64 61 74 61 73  65 74 5f 67 65 6e 7d 29
2e 20 43 6f 6d 65 20 76  69 73 69 62 69 6c 65 20
69 6e 20 5c 63 72 65 66  7b 74 61 62 3a 64 69 73
74 72 69 62 75 7a 69 6f  6e 65 5f 74 65 73 74 7d
20 65 20 5c 63 72 65 66  7b 66 69 67 3a 63 61 74
65 67 6f 72 79 5f 64 69  73 74 72 69 62 75 74 69
6f 6e 7d 2c 20 6c 61 20  64 69 73 74 72 69 62 75
7a 69 6f 6e 65 20 6e 6f  6e 20 c3 a8 20 75 6e 69
66 6f 72 6d 65 3a 20 6c  61 20 63 61 74 65 67 6f
72 69 61 20 5c 63 6f 64  65 7b 64 61 74 61 5c 5f
65 73 61 74 74 61 7d 20  64 61 20 73 6f 6c 61 20
63 6f 73 74 69 74 75 69  73 63 65 20 71 75 61 73
69 20 6c 61 20 6d 65 74  c3 a0 20 64 65 6c 20 63
61 6d 70 69 6f 6e 65 20  28 32 33 33 2f 35 30 30
2c 20 34 36 2e 36 5c 25  29 2c 20 6d 65 6e 74 72
65 20 61 6c 63 75 6e 65  20 63 61 74 65 67 6f 72
69 65 20 64 69 20 6e 69  63 63 68 69 61 20 28 65
73 2e 5c 40 20 5c 63 6f  64 65 7b 71 75 65 72 79
5c 5f 6e 6f 74 5c 5f 61  6e 6e 6f 7d 29 20 6e 6f
6e 20 72 69 73 75 6c 74  61 6e 6f 20 72 61 70 70
72 65 73 65 6e 74 61 74  65 2e 20 0a 0a 51 75 65
73 74 6f 20 73 62 69 6c  61 6e 63 69 61 6d 65 6e
74 6f 20 76 61 20 74 65  6e 75 74 6f 20 70 72 65
73 65 6e 74 65 20 6e 65  6c 6c 27 69 6e 74 65 72
70 72 65 74 61 7a 69 6f  6e 65 20 64 65 69 20 72
69 73 75 6c 74 61 74 69  3a 20 6c 65 20 6d 65 74
72 69 63 68 65 20 61 67  67 72 65 67 61 74 65 20
73 6f 6e 6f 20 70 69 c3  b9 20 69 6e 66 6f 72 6d
61 74 69 76 65 20 73 65  20 6c 65 74 74 65 20 70
65 72 20 63 61 74 65 67  6f 72 69 61 20 28 5c 63
72 65 66 7b 73 75 62 73  65 63 3a 6d 65 74 72 69
63 68 65 5f 63 61 74 65  67 6f 72 69 61 7d 29 20
63 68 65 20 63 6f 6d 65  20 6d 65 64 69 61 20 67
65 6e 65 72 61 6c 65 2e  0a 0a 25 20 2d 2d 2d 20
54 41 42 45 4c 4c 41 20  45 20 47 52 41 46 49 43
4f 20 41 46 46 49 41 4e  43 41 54 49 20 50 45 52
20 52 49 53 50 41 52 4d  49 41 52 45 20 53 50 41
5a 49 4f 20 2d 2d 2d 0a  5c 62 65 67 69 6e 7b 63
6f 6d 6d 65 6e 74 7d 0a  20 20 20 20 5c 62 65 67
69 6e 7b 66 69 67 75 72  65 7d 5b 68 74 62 70 5d
0a 20 20 20 20 20 20 20  20 5c 63 65 6e 74 65 72
69 6e 67 0a 20 20 20 20  20 20 20 20 25 20 4d 69
6e 69 70 61 67 65 20 64  69 20 73 69 6e 69 73 74
72 61 20 70 65 72 20 6c  61 20 54 61 62 65 6c 6c
61 0a 20 20 20 20 20 20  20 20 5c 62 65 67 69 6e
7b 6d 69 6e 69 70 61 67  65 7d 5b 63 5d 7b 30 2e
34 35 5c 74 65 78 74 77  69 64 74 68 7d 0a 20 20
20 20 20 20 20 20 20 20  20 20 5c 63 65 6e 74 65
72 69 6e 67 0a 20 20 20  20 20 20 20 20 20 20 20
20 5c 72 65 73 69 7a 65  62 6f 78 7b 30 2e 39 5c
74 65 78 74 77 69 64 74  68 7d 7b 21 7d 7b 25 20
41 64 61 74 74 61 20 6c  61 20 74 61 62 65 6c 6c
61 20 61 6c 6c 6f 20 73  70 61 7a 69 6f 20 64 65
6c 6c 61 20 63 6f 6c 6f  6e 6e 61 0a 20 20 20 20
20 20 20 20 20 20 20 20  5c 62 65 67 69 6e 7b 74
61 62 75 6c 61 72 7d 7b  6c 72 7d 0a 20 20 20 20
20 20 20 20 20 20 20 20  5c 74 6f 70 72 75 6c 65
0a 20 20 20 20 20 20 20  20 20 20 20 20 43 61 74
65 67 6f 72 69 61 20 26  20 4e 2e 20 65 73 65 6d
70 69 20 5c 5c 0a 20 20  20 20 20 20 20 20 20 20
20 20 5c 6d 69 64 72 75  6c 65 0a 20 20 20 20 20
20 20 20 20 20 20 20 64  61 74 61 5c 5f 65 73 61
74 74 61 20 20 20 20 20  20 20 20 26 20 32 33 33
20 5c 5c 0a 20 20 20 20  20 20 20 20 20 20 20 20
66 6f 72 6d 61 74 6f 5c  5f 66 69 6c 65 20 20 20
20 20 20 20 26 20 36 36  20 5c 5c 0a 20 20 20 20
20 20 20 20 20 20 20 20  66 75 6f 72 69 5c 5f 64
6f 6d 69 6e 69 6f 20 20  20 20 20 20 26 20 35 37
20 5c 5c 0a 20 20 20 20  20 20 20 20 20 20 20 20
64 69 73 70 6f 73 69 74  69 76 6f 20 20 20 20 20
20 20 20 20 26 20 34 30  20 5c 5c 0a 20 20 20 20
20 20 20 20 20 20 20 20  63 6f 6e 74 61 69 6e 65
72 5c 5f 63 61 72 74 65  6c 6c 61 20 26 20 33 30
20 5c 5c 0a 20 20 20 20  20 20 20 20 20 20 20 20
72 69 63 65 72 63 61 5c  5f 74 65 73 74 75 61 6c
65 20 20 20 26 20 32 38  20 5c 5c 0a 20 20 20 20
20 20 20 20 20 20 20 20  61 75 74 6f 72 65 20 20
20 20 20 20 20 20 20 20  20 20 20 20 26 20 32 36
20 5c 5c 0a 20 20 20 20  20 20 20 20 20 20 20 20
64 61 74 61 5c 5f 69 6e  74 65 72 76 61 6c 6c 6f
20 20 20 20 26 20 32 30  20 5c 5c 0a 20 20 20 20
20 20 20 20 20 20 20 20  5c 6d 69 64 72 75 6c 65
0a 20 20 20 20 20 20 20  20 20 20 20 20 5c 74 65
78 74 62 66 7b 54 6f 74  61 6c 65 7d 20 20 20 20
20 26 20 5c 74 65 78 74  62 66 7b 35 30 30 7d 20
5c 5c 0a 20 20 20 20 20  20 20 20 20 20 20 20 5c
62 6f 74 74 6f 6d 72 75  6c 65 0a 20 20 20 20 20
20 20 20 20 20 20 20 5c  65 6e 64 7b 74 61 62 75
6c 61 72 7d 0a 20 20 20  20 20 20 20 20 20 20 20
20 7d 0a 20 20 20 20 20  20 20 20 20 20 20 20 5c
63 61 70 74 69 6f 6e 6f  66 7b 74 61 62 6c 65 7d
7b 44 69 73 74 72 69 62  75 7a 69 6f 6e 65 20 64
65 6c 20 74 65 73 74 20  73 65 74 20 70 65 72 20
63 61 74 65 67 6f 72 69  61 20 65 75 72 69 73 74
69 63 61 2e 7d 5c 6c 61  62 65 6c 7b 74 61 62 3a
64 69 73 74 72 69 62 75  7a 69 6f 6e 65 5f 74 65
73 74 7d 0a 20 20 20 20  20 20 20 20 5c 65 6e 64
7b 6d 69 6e 69 70 61 67  65 7d 25 0a 20 20 20 20
20 20 20 20 5c 68 66 69  6c 6c 25 20 53 70 61 7a
69 6f 20 66 6c 65 73 73  69 62 69 6c 65 20 74 72
61 20 74 61 62 65 6c 6c  61 20 65 20 67 72 61 66
69 63 6f 0a 20 20 20 20  20 20 20 20 25 20 4d 69
6e 69 70 61 67 65 20 64  69 20 64 65 73 74 72 61
20 70 65 72 20 69 6c 20  47 72 61 66 69 63 6f 0a
20 20 20 20 20 20 20 20  5c 62 65 67 69 6e 7b 6d
69 6e 69 70 61 67 65 7d  5b 63 5d 7b 30 2e 35 5c
74 65 78 74 77 69 64 74  68 7d 0a 20 20 20 20 20
20 20 20 20 20 20 20 5c  63 65 6e 74 65 72 69 6e
67 0a 20 20 20 20 20 20  20 20 20 20 20 20 5c 69
6e 63 6c 75 64 65 67 72  61 70 68 69 63 73 5b 77
69 64 74 68 3d 5c 74 65  78 74 77 69 64 74 68 5d
7b 69 6d 67 2f 63 61 74  65 67 6f 72 79 5f 64 69
73 74 72 69 62 75 74 69  6f 6e 2e 70 6e 67 7d 0a
20 20 20 20 20 20 20 20  20 20 20 20 5c 63 61 70
74 69 6f 6e 7b 44 69 73  74 72 69 62 75 7a 69 6f
6e 65 20 64 65 6c 20 74  65 73 74 20 73 65 74 20
64 69 20 76 61 6c 75 74  61 7a 69 6f 6e 65 20 28
6e 3d 35 30 30 29 2e 7d  5c 6c 61 62 65 6c 7b 66
69 67 3a 63 61 74 65 67  6f 72 79 5f 64 69 73 74
72 69 62 75 74 69 6f 6e  7d 0a 20 20 20 20 20 20
20 20 5c 65 6e 64 7b 6d  69 6e 69 70 61 67 65 7d
0a 20 20 20 20 5c 65 6e  64 7b 66 69 67 75 72 65
7d 0a 5c 65 6e 64 7b 63  6f 6d 6d 65 6e 74 7d 0a
0a 5c 62 65 67 69 6e 7b  66 69 67 75 72 65 7d 5b
68 74 62 70 5d 0a 20 20  20 20 5c 63 65 6e 74 65
72 69 6e 67 0a 20 20 20  20 5c 62 65 67 69 6e 7b
74 61 62 75 6c 61 72 7d  7b 6c 72 7d 0a 20 20 20
20 5c 74 6f 70 72 75 6c  65 0a 20 20 20 20 43 61
74 65 67 6f 72 69 61 20  20 20 20 20 20 20 20 20
20 26 20 4e 2e 20 65 73  65 6d 70 69 20 20 5c 5c
0a 20 20 20 20 5c 6d 69  64 72 75 6c 65 0a 20 20
20 20 5c 63 6f 64 65 7b  64 61 74 61 5f 65 73 61
74 74 61 7d 20 20 20 20  20 20 20 20 26 20 24 32
33 33 24 20 20 20 20 20  20 20 20 20 5c 5c 0a 20
20 20 20 5c 63 6f 64 65  7b 66 6f 72 6d 61 74 6f
5f 66 69 6c 65 7d 20 20  20 20 20 20 20 26 20 24
36 36 24 20 20 20 20 20  20 20 20 20 20 5c 5c 0a
20 20 20 20 5c 63 6f 64  65 7b 66 75 6f 72 69 5f
64 6f 6d 69 6e 69 6f 7d  20 20 20 20 20 20 26 20
24 35 37 24 20 20 20 20  20 20 20 20 20 20 5c 5c
0a 20 20 20 20 5c 63 6f  64 65 7b 64 69 73 70 6f
73 69 74 69 76 6f 7d 20  20 20 20 20 20 20 20 26
20 24 34 30 24 20 20 20  20 20 20 20 20 20 20 5c
5c 0a 20 20 20 20 5c 63  6f 64 65 7b 63 6f 6e 74
61 69 6e 65 72 5f 63 61  72 74 65 6c 6c 61 7d 20
26 20 24 33 30 24 20 20  20 20 20 20 20 20 20 20
5c 5c 0a 20 20 20 20 5c  63 6f 64 65 7b 72 69 63
65 72 63 61 5f 74 65 73  74 75 61 6c 65 7d 20 20
20 26 20 24 32 38 24 20  20 20 20 20 20 20 20 20
20 5c 5c 0a 20 20 20 20  5c 63 6f 64 65 7b 61 75
74 6f 72 65 7d 20 20 20  20 20 20 20 20 20 20 20
20 26 20 24 32 36 24 20  20 20 20 20 20 20 20 20
20 5c 5c 0a 20 20 20 20  5c 63 6f 64 65 7b 64 61
74 61 5f 69 6e 74 65 72  76 61 6c 6c 6f 7d 20 20
20 20 26 20 24 32 30 24  20 20 20 20 20 20 20 20
20 20 5c 5c 0a 20 20 20  20 5c 6d 69 64 72 75 6c
65 0a 20 20 20 20 5c 74  65 78 74 62 66 7b 54 6f
74 61 6c 65 7d 20 20 20  20 26 20 5c 74 65 78 74
62 66 7b 24 35 30 30 24  7d 5c 5c 0a 20 20 20 20
5c 62 6f 74 74 6f 6d 72  75 6c 65 0a 20 20 20 20
5c 65 6e 64 7b 74 61 62  75 6c 61 72 7d 0a 20 20
20 20 5c 69 6e 63 6c 75  64 65 67 72 61 70 68 69
63 73 5b 77 69 64 74 68  3d 5c 74 65 78 74 77 69
64 74 68 5d 7b 69 6d 67  2f 63 61 74 65 67 6f 72
79 5f 64 69 73 74 72 69  62 75 74 69 6f 6e 2e 70
6e 67 7d 0a 20 20 20 20  5c 63 61 70 74 69 6f 6e
7b 44 69 73 74 72 69 62  75 7a 69 6f 6e 65 20 64
65 6c 20 74 65 73 74 20  73 65 74 20 64 69 20 76
61 6c 75 74 61 7a 69 6f  6e 65 20 28 6e 3d 35 30
30 29 2e 7d 0a 20 20 20  20 5c 6c 61 62 65 6c 7b
66 69 67 3a 63 61 74 65  67 6f 72 79 5f 64 69 73
74 72 69 62 75 74 69 6f  6e 7d 0a 5c 65 6e 64 7b
66 69 67 75 72 65 7d 0a  0a 5c 62 65 67 69 6e 7b
66 69 67 75 72 65 7d 0a  20 20 20 20 5c 63 65 6e
74 65 72 69 6e 67 0a 20  20 20 20 5c 69 6e 63 6c
75 64 65 67 72 61 70 68  69 63 73 5b 77 69 64 74
68 3d 5c 74 65 78 74 77  69 64 74 68 5d 7b 69 6d
67 2f 63 61 74 65 67 6f  72 79 5f 64 69 73 74 72
69 62 75 74 69 6f 6e 5f  62 61 72 2e 70 6e 67 7d
0a 20 20 20 20 5c 63 61  70 74 69 6f 6e 7b 44 69
73 74 72 69 62 75 7a 69  6f 6e 65 20 64 65 6c 20
74 65 73 74 20 73 65 74  20 70 65 72 20 63 61 74
65 67 6f 72 69 61 20 65  75 72 69 73 74 69 63 61
20 28 6e 3d 35 30 30 29  2e 47 72 61 66 69 63 6f
20 61 20 62 61 72 72 65  2e 7d 0a 20 20 20 20 5c
6c 61 62 65 6c 7b 66 69  67 3a 63 61 74 65 67 6f
72 79 5f 64 69 73 74 72  69 62 75 74 69 6f 6e 5f
62 61 72 7d 0a 5c 65 6e  64 7b 66 69 67 75 72 65
7d 0a 0a 5c 73 75 62 73  65 63 74 69 6f 6e 7b 54
65 6d 70 6f 20 64 69 20  67 65 6e 65 72 61 7a 69
6f 6e 65 7d 5c 6c 61 62  65 6c 7b 73 75 62 73 65
63 3a 74 65 6d 70 6f 5f  67 65 6e 65 72 61 7a 69
6f 6e 65 7d 0a 0a 49 6c  20 74 65 6d 70 6f 20 64
69 20 67 65 6e 65 72 61  7a 69 6f 6e 65 20 70 65
72 20 71 75 65 72 79 2c  20 6d 69 73 75 72 61 74
6f 20 73 75 6c 6c 61 20  47 50 55 20 54 34 20 64
75 72 61 6e 74 65 20 6c  61 20 46 61 73 65 20 31
2c 20 70 72 65 73 65 6e  74 61 20 6c 65 20 73 65
67 75 65 6e 74 69 20 73  74 61 74 69 73 74 69 63
68 65 20 63 61 6c 63 6f  6c 61 74 65 20 73 75 6c
6c 27 69 6e 74 65 72 6f  20 73 65 74 20 64 69 20
35 30 30 20 65 73 65 6d  70 69 3a 0a 0a 25 20 2d
2d 2d 20 54 41 42 45 4c  4c 41 20 45 20 47 52 41
46 49 43 4f 20 41 46 46  49 41 4e 43 41 54 49 20
50 45 52 20 52 49 53 50  41 52 4d 49 41 52 45 20
53 50 41 5a 49 4f 20 2d  2d 2d 0a 5c 62 65 67 69
6e 7b 63 6f 6d 6d 65 6e  74 7d 0a 20 20 20 20 5c
62 65 67 69 6e 7b 66 69  67 75 72 65 7d 5b 68 74
62 70 5d 0a 20 20 20 20  20 20 20 20 5c 63 65 6e
74 65 72 69 6e 67 0a 20  20 20 20 20 20 20 20 25
20 4d 69 6e 69 70 61 67  65 20 64 69 20 73 69 6e
69 73 74 72 61 20 70 65  72 20 6c 61 20 54 61 62
65 6c 6c 61 0a 20 20 20  20 20 20 20 20 5c 62 65
67 69 6e 7b 6d 69 6e 69  70 61 67 65 7d 5b 63 5d
7b 30 2e 34 30 5c 74 65  78 74 77 69 64 74 68 7d
0a 20 20 20 20 20 20 20  20 20 20 20 20 5c 63 65
6e 74 65 72 69 6e 67 0a  20 20 20 20 20 20 20 20
20 20 20 20 5c 62 65 67  69 6e 7b 74 61 62 75 6c
61 72 7d 7b 6c 72 7d 0a  20 20 20 20 20 20 20 20
20 20 20 20 5c 74 6f 70  72 75 6c 65 0a 20 20 20
20 20 20 20 20 20 20 20  20 53 74 61 74 69 73 74
69 63 61 20 26 20 56 61  6c 6f 72 65 20 28 73 29
20 5c 5c 0a 20 20 20 20  20 20 20 20 20 20 20 20
5c 6d 69 64 72 75 6c 65  0a 20 20 20 20 20 20 20
20 20 20 20 20 4d 65 64  69 61 20 20 20 20 20 20
20 20 20 20 20 20 20 20  20 26 20 37 2e 34 35 20
5c 5c 0a 20 20 20 20 20  20 20 20 20 20 20 20 44
65 76 69 61 7a 69 6f 6e  65 20 73 74 61 6e 64 61
72 64 20 26 20 32 2e 35  31 20 5c 5c 0a 20 20 20
20 20 20 20 20 20 20 20  20 4d 69 6e 69 6d 6f 20
20 20 20 20 20 20 20 20  20 20 20 20 20 26 20 30
2e 36 35 20 5c 5c 0a 20  20 20 20 20 20 20 20 20
20 20 20 32 35 c2 b0 20  70 65 72 63 65 6e 74 69
6c 65 20 20 20 20 20 20  26 20 37 2e 36 34 20 5c
5c 0a 20 20 20 20 20 20  20 20 20 20 20 20 4d 65
64 69 61 6e 61 20 20 20  20 20 20 20 20 20 20 20
20 20 26 20 38 2e 31 39  20 5c 5c 0a 20 20 20 20
20 20 20 20 20 20 20 20  37 35 c2 b0 20 70 65 72
63 65 6e 74 69 6c 65 20  20 20 20 20 20 26 20 38
2e 35 39 20 5c 5c 0a 20  20 20 20 20 20 20 20 20
20 20 20 4d 61 73 73 69  6d 6f 20 20 20 20 20 20
20 20 20 20 20 20 20 26  20 31 30 2e 34 35 20 5c
5c 0a 20 20 20 20 20 20  20 20 20 20 20 20 5c 62
6f 74 74 6f 6d 72 75 6c  65 0a 20 20 20 20 20 20
20 20 20 20 20 20 5c 65  6e 64 7b 74 61 62 75 6c
61 72 7d 0a 20 20 20 20  20 20 20 20 20 20 20 20
5c 63 61 70 74 69 6f 6e  6f 66 7b 74 61 62 6c 65
7d 7b 53 74 61 74 69 73  74 69 63 68 65 20 64 65
6c 20 74 65 6d 70 6f 20  64 69 20 67 65 6e 65 72
61 7a 69 6f 6e 65 20 70  65 72 20 71 75 65 72 79
20 28 47 50 55 20 54 34  29 2e 7d 5c 6c 61 62 65
6c 7b 74 61 62 3a 74 65  6d 70 6f 5f 67 65 6e 65
72 61 7a 69 6f 6e 65 7d  0a 20 20 20 20 20 20 20
20 5c 65 6e 64 7b 6d 69  6e 69 70 61 67 65 7d 25
0a 20 20 20 20 20 20 20  20 5c 68 66 69 6c 6c 25
20 53 70 61 7a 69 6f 20  66 6c 65 73 73 69 62 69
6c 65 20 74 72 61 20 74  61 62 65 6c 6c 61 20 65
20 67 72 61 66 69 63 6f  0a 20 20 20 20 20 20 20
20 25 20 4d 69 6e 69 70  61 67 65 20 64 69 20 64
65 73 74 72 61 20 70 65  72 20 69 6c 20 47 72 61
66 69 63 6f 0a 20 20 20  20 20 20 20 20 5c 62 65
67 69 6e 7b 6d 69 6e 69  70 61 67 65 7d 5b 63 5d
7b 30 2e 35 35 5c 74 65  78 74 77 69 64 74 68 7d
0a 20 20 20 20 20 20 20  20 20 20 20 20 5c 63 65
6e 74 65 72 69 6e 67 0a  20 20 20 20 20 20 20 20
20 20 20 20 5c 69 6e 63  6c 75 64 65 67 72 61 70
68 69 63 73 5b 77 69 64  74 68 3d 5c 74 65 78 74
77 69 64 74 68 5d 7b 69  6d 67 2f 67 65 6e 65 72
61 74 69 6f 6e 5f 74 69  6d 65 5f 68 69 73 74 2e
70 6e 67 7d 0a 20 20 20  20 20 20 20 20 20 20 20
20 5c 63 61 70 74 69 6f  6e 7b 44 69 73 74 72 69
62 75 7a 69 6f 6e 65 20  64 65 69 20 74 65 6d 70
69 20 64 69 20 67 65 6e  65 72 61 7a 69 6f 6e 65
20 73 75 20 47 50 55 20  54 34 2e 7d 5c 6c 61 62
65 6c 7b 66 69 67 3a 67  65 6e 65 72 61 74 69 6f
6e 5f 74 69 6d 65 5f 68  69 73 74 7d 0a 20 20 20
20 20 20 20 20 5c 65 6e  64 7b 6d 69 6e 69 70 61
67 65 7d 0a 20 20 20 20  5c 65 6e 64 7b 66 69 67
75 72 65 7d 0a 5c 65 6e  64 7b 63 6f 6d 6d 65 6e
74 7d 0a 0a 5c 62 65 67  69 6e 7b 66 69 67 75 72
65 7d 5b 68 74 62 70 5d  0a 20 20 20 20 5c 63 65
6e 74 65 72 69 6e 67 0a  20 20 20 20 5c 62 65 67
69 6e 7b 74 61 62 75 6c  61 72 7d 7b 6c 72 7d 0a
20 20 20 20 5c 74 6f 70  72 75 6c 65 0a 20 20 20
20 53 74 61 74 69 73 74  69 63 61 20 26 20 56 61
6c 6f 72 65 20 28 73 29  20 5c 5c 0a 20 20 20 20
5c 6d 69 64 72 75 6c 65  0a 20 20 20 20 4d 65 64
69 61 20 20 20 20 20 20  20 20 20 20 20 20 20 20
20 26 20 37 2e 34 35 20  5c 5c 0a 20 20 20 20 44
65 76 69 61 7a 69 6f 6e  65 20 73 74 61 6e 64 61
72 64 20 26 20 32 2e 35  31 20 5c 5c 0a 20 20 20
20 4d 69 6e 69 6d 6f 20  20 20 20 20 20 20 20 20
20 20 20 20 20 26 20 30  2e 36 35 20 5c 5c 0a 20
20 20 20 32 35 c2 b0 20  70 65 72 63 65 6e 74 69
6c 65 20 20 20 20 20 20  26 20 37 2e 36 34 20 5c
5c 0a 20 20 20 20 4d 65  64 69 61 6e 61 20 20 20
20 20 20 20 20 20 20 20  20 20 26 20 38 2e 31 39
20 5c 5c 0a 20 20 20 20  37 35 c2 b0 20 70 65 72
63 65 6e 74 69 6c 65 20  20 20 20 20 20 26 20 38
2e 35 39 20 5c 5c 0a 20  20 20 20 4d 61 73 73 69
6d 6f 20 20 20 20 20 20  20 20 20 20 20 20 20 26
20 31 30 2e 34 35 20 5c  5c 0a 20 20 20 20 5c 62
6f 74 74 6f 6d 72 75 6c  65 0a 20 20 20 20 5c 65
6e 64 7b 74 61 62 75 6c  61 72 7d 0a 20 20 20 20
5c 63 61 70 74 69 6f 6e  6f 66 7b 74 61 62 6c 65
7d 7b 53 74 61 74 69 73  74 69 63 68 65 20 64 65
6c 20 74 65 6d 70 6f 20  64 69 20 67 65 6e 65 72
61 7a 69 6f 6e 65 20 70  65 72 20 71 75 65 72 79
20 28 47 50 55 20 54 34  29 2e 7d 0a 20 20 20 20
5c 6c 61 62 65 6c 7b 74  61 62 3a 74 65 6d 70 6f
5f 67 65 6e 65 72 61 7a  69 6f 6e 65 7d 0a 5c 65
6e 64 7b 66 69 67 75 72  65 7d 0a 0a 5c 62 65 67
69 6e 7b 66 69 67 75 72  65 7d 5b 68 74 62 70 5d
0a 20 20 20 20 5c 63 65  6e 74 65 72 69 6e 67 0a
20 20 20 20 5c 69 6e 63  6c 75 64 65 67 72 61 70
68 69 63 73 5b 77 69 64  74 68 3d 5c 74 65 78 74
77 69 64 74 68 5d 7b 69  6d 67 2f 67 65 6e 65 72
61 74 69 6f 6e 5f 74 69  6d 65 5f 68 69 73 74 2e
70 6e 67 7d 0a 20 20 20  20 5c 63 61 70 74 69 6f
6e 7b 44 69 73 74 72 69  62 75 7a 69 6f 6e 65 20
64 65 69 20 74 65 6d 70  69 20 64 69 20 67 65 6e
65 72 61 7a 69 6f 6e 65  20 73 75 20 47 50 55 20
54 34 2e 7d 5c 6c 61 62  65 6c 7b 66 69 67 3a 67
65 6e 65 72 61 74 69 6f  6e 5f 74 69 6d 65 5f 68
69 73 74 7d 0a 5c 65 6e  64 7b 66 69 67 75 72 65
7d 0a 0a 4c 61 20 64 69  73 74 72 69 62 75 7a 69
6f 6e 65 20 c3 a8 20 63  6f 6e 63 65 6e 74 72 61
74 61 20 74 72 61 20 69  20 37 20 65 20 69 20 39
20 73 65 63 6f 6e 64 69  20 70 65 72 20 6c 61 20
6d 61 67 67 69 6f 72 61  6e 7a 61 20 64 65 6c 6c
65 20 71 75 65 72 79 2c  20 63 6f 6e 20 75 6e 61
20 63 6f 64 61 20 64 69  20 76 61 6c 6f 72 69 20
62 61 73 73 69 20 28 6d  69 6e 69 6d 6f 20 30 2e
36 35 73 29 20 76 65 72  6f 73 69 6d 69 6c 6d 65
6e 74 65 20 6c 65 67 61  74 61 20 61 20 67 65 6e
65 72 61 7a 69 6f 6e 69  20 70 69 c3 b9 20 62 72
65 76 69 2c 20 63 6f 6d  65 20 6c 65 20 72 69 73
70 6f 73 74 65 20 5c 74  65 78 74 69 74 7b 4f 75
74 2d 6f 66 2d 44 6f 6d  61 69 6e 7d 2c 20 73 74
72 75 74 74 75 72 61 6c  6d 65 6e 74 65 20 70 69
c3 b9 20 63 6f 72 74 65  20 64 69 20 75 6e 61 20
71 75 65 72 79 20 53 50  41 52 51 4c 20 63 6f 6d
70 6c 65 74 61 2e 0a 0a  5c 73 75 62 73 65 63 74
69 6f 6e 7b 54 61 73 73  6f 20 64 69 20 65 73 65
63 75 7a 69 6f 6e 65 20  63 6f 72 72 65 74 74 61
7d 5c 6c 61 62 65 6c 7b  73 75 62 73 65 63 3a 74
61 73 73 6f 5f 65 73 65  63 75 7a 69 6f 6e 65 7d
0a 0a 53 75 20 74 75 74  74 69 20 69 20 34 34 33
20 65 73 65 6d 70 69 20  6e 6f 6e 20 4f 75 74 2d
6f 66 2d 44 6f 6d 61 69  6e 20 64 65 6c 20 74 65
73 74 20 73 65 74 2c 20  69 6c 20 5c 74 65 78 74
62 66 7b 31 30 30 5c 25  20 64 65 6c 6c 65 20 71
75 65 72 79 20 67 65 6e  65 72 61 74 65 20 c3 a8
20 73 74 61 74 6f 20 65  73 65 67 75 69 74 6f 20
63 6f 6e 20 73 75 63 63  65 73 73 6f 7d 20 63 6f
6e 74 72 6f 20 6c 27 65  6e 64 70 6f 69 6e 74 20
42 6c 61 7a 65 67 72 61  70 68 20 72 65 61 6c 65
2c 20 73 65 6e 7a 61 20  65 72 72 6f 72 69 20 64
69 20 73 69 6e 74 61 73  73 69 20 6f 20 64 69 20
65 73 65 63 75 7a 69 6f  6e 65 20 28 5c 63 6f 64
65 7b 65 78 65 63 75 74  69 6f 6e 5c 5f 6f 6b 20
3d 20 54 72 75 65 7d 20  70 65 72 20 74 75 74 74
65 20 6c 65 20 72 69 67  68 65 2c 20 6e 65 73 73
75 6e 20 5c 63 6f 64 65  7b 65 78 65 63 5c 5f 65
72 72 6f 72 7d 20 72 65  67 69 73 74 72 61 74 6f
29 2e 20 51 75 65 73 74  6f 20 72 69 73 75 6c 74
61 74 6f 20 63 6f 6e 66  65 72 6d 61 2c 20 61 20
6c 69 76 65 6c 6c 6f 20  73 69 6e 74 61 74 74 69
63 6f 2c 20 6c 27 65 66  66 69 63 61 63 69 61 20
64 65 6c 6c 65 20 38 20  72 65 67 6f 6c 65 20 69
6d 70 6f 73 74 65 20 74  72 61 6d 69 74 65 20 69
6c 20 73 79 73 74 65 6d  20 70 72 6f 6d 70 74 20
28 5c 63 72 65 66 7b 73  75 62 73 65 63 3a 72 65
67 6f 6c 65 7d 29 20 6e  65 6c 20 76 69 6e 63 6f
6c 61 72 65 20 69 6c 20  6d 6f 64 65 6c 6c 6f 20
61 20 67 65 6e 65 72 61  72 65 20 73 65 6d 70 72
65 20 71 75 65 72 79 20  62 65 6e 20 66 6f 72 6d
61 74 65 2e 0a 0a 5c 73  75 62 73 75 62 73 65 63
74 69 6f 6e 7b 4e 65 73  73 75 6e 20 69 6d 70 61
74 74 6f 20 6d 69 73 75  72 61 74 6f 20 64 65 6c
20 62 75 67 20 64 65 6c  20 6e 61 6d 65 73 70 61
63 65 20 45 58 49 46 7d  0a 0a 49 6c 20 5c 63 72
65 66 7b 63 68 61 70 3a  69 6d 70 6c 65 6d 65 6e
74 61 7a 69 6f 6e 65 7d  20 61 76 65 76 61 20 61
6e 74 69 63 69 70 61 74  6f 20 63 68 65 20 6c 27
69 6d 70 61 74 74 6f 20  64 65 6c 20 6e 61 6d 65
73 70 61 63 65 20 45 58  49 46 20 6d 61 6c 66 6f
72 6d 61 74 6f 20 28 5c  63 72 65 66 7b 73 75 62
73 65 63 3a 62 75 67 5f  65 78 69 66 5f 6e 61 6d
65 73 70 61 63 65 7d 29  20 73 75 6c 6c 65 20 6d
65 74 72 69 63 68 65 20  64 69 20 76 61 6c 75 74
61 7a 69 6f 6e 65 20 73  61 72 65 62 62 65 20 73
74 61 74 6f 20 76 65 72  69 66 69 63 61 74 6f 20
69 6e 20 71 75 65 73 74  6f 20 63 61 70 69 74 6f
6c 6f 2e 20 49 6c 20 64  61 74 6f 20 c3 a8 20 63
68 69 61 72 6f 3a 20 5c  74 65 78 74 62 66 7b 6e
65 73 73 75 6e 20 69 6d  70 61 74 74 6f 20 6e 65
67 61 74 69 76 6f 20 c3  a8 20 73 74 61 74 6f 20
6f 73 73 65 72 76 61 74  6f 7d 2e 20 53 75 20 32
39 33 20 64 65 69 20 34  34 33 20 65 73 65 6d 70
69 20 6e 6f 6e 20 4f 75  74 2d 6f 66 2d 44 6f 6d
61 69 6e 20 28 63 61 74  65 67 6f 72 69 65 20 5c
63 6f 64 65 7b 64 61 74  61 5c 5f 65 73 61 74 74
61 7d 2c 20 5c 63 6f 64  65 7b 64 61 74 61 5c 5f
69 6e 74 65 72 76 61 6c  6c 6f 7d 20 65 20 5c 63
6f 64 65 7b 64 69 73 70  6f 73 69 74 69 76 6f 7d
29 2c 20 6c 61 20 71 75  65 72 79 20 64 69 20 72
69 66 65 72 69 6d 65 6e  74 6f 20 75 74 69 6c 69
7a 7a 61 20 65 66 66 65  74 74 69 76 61 6d 65 6e
74 65 20 75 6e 20 70 72  65 64 69 63 61 74 6f 20
5c 63 6f 64 65 7b 65 78  69 66 3a 7d 20 6e 65 6c
20 63 6f 72 70 6f 20 64  65 6c 20 5c 63 6f 64 65
7b 57 48 45 52 45 7d 2c  20 6e 6f 6e 20 73 6f 6c
6f 20 6e 65 6c 6c 61 20  64 69 63 68 69 61 72 61
7a 69 6f 6e 65 20 64 65  69 20 70 72 65 66 69 73
73 69 3b 20 74 75 74 74  69 20 65 20 32 39 33 20
73 6f 6e 6f 20 73 74 61  74 69 20 65 73 65 67 75
69 74 69 20 63 6f 72 72  65 74 74 61 6d 65 6e 74
65 2c 20 63 6f 6e 20 70  72 65 63 69 73 69 6f 6e
20 65 20 72 65 63 61 6c  6c 20 70 61 72 69 20 61
20 31 2e 30 30 30 20 28  5c 63 72 65 66 7b 74 61
62 3a 6d 65 74 72 69 63  68 65 5f 63 61 74 65 67
6f 72 69 61 7d 29 2e 0a  0a 51 75 65 73 74 6f 20
65 73 69 74 6f 20 65 72  61 20 61 74 74 65 73 6f
2c 20 65 64 20 c3 a8 20  6c 61 20 63 6f 6e 66 65
72 6d 61 20 64 69 72 65  74 74 61 20 63 68 65 20
6c 61 20 73 74 72 61 74  65 67 69 61 20 64 69 20
6d 69 74 69 67 61 7a 69  6f 6e 65 20 64 65 73 63
72 69 74 74 61 20 6e 65  6c 20 5c 63 72 65 66 7b
63 68 61 70 3a 69 6d 70  6c 65 6d 65 6e 74 61 7a
69 6f 6e 65 7d 20 66 75  6e 7a 69 6f 6e 61 20 63
6f 6d 65 20 70 72 65 76  69 73 74 6f 3a 20 61 6c
6c 69 6e 65 61 6e 64 6f  20 73 69 61 20 69 6c 20
64 61 74 61 73 65 74 20  64 69 20 74 72 61 69 6e
69 6e 67 20 73 69 61 20  69 6c 20 62 61 63 6b 65
6e 64 20 61 6c 6c 6f 20  73 74 65 73 73 6f 20 6e
61 6d 65 73 70 61 63 65  20 6d 61 6c 66 6f 72 6d
61 74 6f 20 72 65 61 6c  6d 65 6e 74 65 20 70 72
65 73 65 6e 74 65 20 69  6e 20 42 6c 61 7a 65 67
72 61 70 68 2c 20 69 6c  20 73 69 73 74 65 6d 61
20 65 76 69 74 61 20 64  69 20 67 65 6e 65 72 61
72 65 20 71 75 65 72 79  20 63 68 65 20 75 73 65
72 65 62 62 65 72 6f 20  69 6c 20 6e 61 6d 65 73
70 61 63 65 20 73 74 61  6e 64 61 72 64 20 63 6f
72 72 65 74 74 6f 20 28  5c 63 6f 64 65 7b 77 77
77 2e 77 33 2e 6f 72 67  7d 29 20 65 20 66 61 6c
6c 69 72 65 62 62 65 72  6f 20 73 69 73 74 65 6d
61 74 69 63 61 6d 65 6e  74 65 2e 20 49 6c 20 62
75 67 2c 20 64 69 20 70  65 72 20 73 c3 a9 2c 20
61 76 72 65 62 62 65 20  61 7a 7a 65 72 61 74 6f
20 70 72 65 63 69 73 69  6f 6e 20 65 20 72 65 63
61 6c 6c 20 73 75 20 71  75 61 73 69 20 69 20 64
75 65 20 74 65 72 7a 69  20 64 65 6c 20 74 65 73
74 20 73 65 74 20 73 65  20 6e 6f 6e 20 66 6f 73
73 65 20 73 74 61 74 6f  20 67 65 73 74 69 74 6f
3b 20 69 6c 20 66 61 74  74 6f 20 63 68 65 20 71
75 69 20 6e 6f 6e 20 70  72 6f 64 75 63 61 20 61
6c 63 75 6e 20 65 66 66  65 74 74 6f 20 6d 69 73
75 72 61 62 69 6c 65 20  c3 a8 20 6d 65 72 69 74
6f 20 64 65 6c 6c 61 20  73 63 65 6c 74 61 20 64
69 20 61 6c 6c 69 6e 65  61 6d 65 6e 74 6f 20 65
20 6e 6f 6e 20 64 65 6c  6c 27 61 73 73 65 6e 7a
61 20 64 65 6c 20 70 72  6f 62 6c 65 6d 61 2c 20
63 68 65 20 72 65 73 74  61 20 70 72 65 73 65 6e
74 65 20 6e 65 69 20 64  61 74 69 20 64 69 20 70
72 6f 64 75 7a 69 6f 6e  65 20 65 20 6e 65 6c 6c
61 20 66 72 61 67 69 6c  69 74 c3 a0 20 61 72 63
68 69 74 65 74 74 75 72  61 6c 65 20 64 69 73 63
75 73 73 61 20 6e 65 6c  20 5c 63 72 65 66 7b 63
68 61 70 3a 63 6f 6e 63  6c 75 73 69 6f 6e 69 7d
2e 0a 0a 5c 73 75 62 73  65 63 74 69 6f 6e 7b 43
6f 6e 76 65 72 67 65 6e  7a 61 20 64 65 6c 20 74
72 61 69 6e 69 6e 67 7d  5c 6c 61 62 65 6c 7b 73
75 62 73 65 63 3a 63 6f  6e 76 65 72 67 65 6e 7a
61 7d 0a 0a 49 6c 20 6c  6f 67 20 64 69 20 74 72
61 69 6e 69 6e 67 20 28  5c 63 72 65 66 7b 73 75
62 73 65 63 3a 68 79 70  65 72 70 61 72 61 6d 73
7d 29 20 6d 6f 73 74 72  61 20 75 6e 61 20 72 61
70 69 64 61 20 63 6f 6e  76 65 72 67 65 6e 7a 61
20 64 65 6c 6c 61 20 6c  6f 73 73 3a 20 64 61 20
75 6e 20 76 61 6c 6f 72  65 20 64 69 20 30 2e 30
34 34 20 61 6c 6c 6f 20  73 74 65 70 20 35 30 20
66 69 6e 6f 20 61 20 73  74 61 62 69 6c 69 7a 7a
61 72 73 69 20 61 74 74  6f 72 6e 6f 20 61 20 30
2e 30 31 30 2d 2d 30 2e  30 31 31 20 61 20 70 61
72 74 69 72 65 20 63 69  72 63 61 20 64 61 6c 6c
6f 20 73 74 65 70 20 34  30 30 2c 20 6d 61 6e 74
65 6e 65 6e 64 6f 73 69  20 73 6f 73 74 61 6e 7a
69 61 6c 6d 65 6e 74 65  20 63 6f 73 74 61 6e 74
65 20 66 69 6e 6f 20 61  6c 20 74 65 72 6d 69 6e
65 20 64 65 6c 6c 27 61  64 64 65 73 74 72 61 6d
65 6e 74 6f 20 28 73 74  65 70 20 31 31 38 38 2c
20 6c 6f 73 73 20 66 69  6e 61 6c 65 20 30 2e 30
31 30 29 2e 0a 0a 5c 62  65 67 69 6e 7b 66 69 67
75 72 65 7d 5b 68 74 5d  0a 5c 63 65 6e 74 65 72
69 6e 67 0a 5c 69 6e 63  6c 75 64 65 67 72 61 70
68 69 63 73 5b 77 69 64  74 68 3d 30 2e 38 35 5c
74 65 78 74 77 69 64 74  68 5d 7b 69 6d 67 2f 6c
6f 73 73 5f 63 75 72 76  65 2e 70 6e 67 7d 0a 5c
63 61 70 74 69 6f 6e 7b  41 6e 64 61 6d 65 6e 74
6f 20 64 65 6c 6c 61 20  74 72 61 69 6e 69 6e 67
20 6c 6f 73 73 20 65 20  64 65 6c 6c 61 20 76 61
6c 69 64 61 74 69 6f 6e  20 6c 6f 73 73 20 64 75
72 61 6e 74 65 20 69 6c  20 66 69 6e 65 2d 74 75
6e 69 6e 67 7d 5c 6c 61  62 65 6c 7b 66 69 67 3a
6c 6f 73 73 5f 63 75 72  76 65 7d 0a 5c 65 6e 64
7b 66 69 67 75 72 65 7d  0a 0a 4c 61 20 63 75 72
76 61 20 64 69 20 5c 74  65 78 74 69 74 7b 76 61
6c 69 64 61 74 69 6f 6e  20 6c 6f 73 73 7d 20 73
65 67 75 65 20 64 61 20  76 69 63 69 6e 6f 20 71
75 65 6c 6c 61 20 64 69  20 74 72 61 69 6e 69 6e
67 2c 20 73 65 6e 7a 61  20 64 69 76 65 72 67 65
6e 7a 65 20 73 69 67 6e  69 66 69 63 61 74 69 76
65 3a 20 73 65 67 6e 6f  20 64 69 20 61 73 73 65
6e 7a 61 20 64 69 20 6f  76 65 72 66 69 74 74 69
6e 67 2e 20 45 6e 74 72  61 6d 62 65 20 6c 65 20
63 75 72 76 65 20 73 69  20 73 74 61 62 69 6c 69
7a 7a 61 6e 6f 20 67 69  c3 a0 20 69 6e 74 6f 72
6e 6f 20 61 6c 6c 6f 20  73 74 65 70 20 34 30 30
20 73 75 20 75 6e 20 74  6f 74 61 6c 65 20 64 69
20 31 31 38 38 2c 20 69  6c 20 63 68 65 20 73 75
67 67 65 72 69 73 63 65  20 63 68 65 20 69 6c 20
6d 6f 64 65 6c 6c 6f 20  61 76 72 65 62 62 65 20
70 6f 74 75 74 6f 20 63  6f 6e 76 65 72 67 65 72
65 20 61 6e 63 68 65 20  63 6f 6e 20 6d 65 6e 6f
20 73 74 65 70 2e 0a 0a  5c 6e 65 77 70 61 67 65
0a 25 20 3d 3d 3d 3d 3d  3d 3d 3d 3d 3d 3d 3d 3d
3d 3d 3d 3d 3d 3d 3d 3d  3d 3d 3d 3d 3d 3d 3d 3d
3d 3d 3d 3d 3d 3d 3d 3d  3d 3d 3d 3d 3d 3d 3d 3d
3d 3d 3d 3d 3d 3d 3d 3d  3d 3d 3d 3d 3d 3d 3d 3d
3d 3d 3d 3d 3d 3d 3d 3d  3d 3d 3d 3d 3d 3d 3d 3d
0a 5c 73 65 63 74 69 6f  6e 7b 45 66 66 69 63 61
63 69 61 3a 20 76 61 6c  75 74 61 7a 69 6f 6e 65
20 71 75 61 6c 69 74 61  74 69 76 61 7d 5c 6c 61
62 65 6c 7b 73 65 63 3a  65 66 66 69 63 61 63 69
61 7d 0a 25 20 3d 3d 3d  3d 3d 3d 3d 3d 3d 3d 3d
3d 3d 3d 3d 3d 3d 3d 3d  3d 3d 3d 3d 3d 3d 3d 3d
3d 3d 3d 3d 3d 3d 3d 3d  3d 3d 3d 3d 3d 3d 3d 3d
3d 3d 3d 3d 3d 3d 3d 3d  3d 3d 3d 3d 3d 3d 3d 3d
3d 3d 3d 3d 3d 3d 3d 3d  3d 3d 3d 3d 3d 3d 3d 3d
3d 3d 0a 0a 5c 73 75 62  73 65 63 74 69 6f 6e 7b
4d 65 74 72 69 63 68 65  20 64 69 20 72 65 74 72
69 65 76 61 6c 20 70 65  72 20 63 61 74 65 67 6f
72 69 61 7d 5c 6c 61 62  65 6c 7b 73 75 62 73 65
63 3a 6d 65 74 72 69 63  68 65 5f 63 61 74 65 67
6f 72 69 61 7d 0a 0a 41  70 70 6c 69 63 61 6e 64
6f 20 6c 61 20 6d 65 74  6f 64 6f 6c 6f 67 69 61
20 64 65 73 63 72 69 74  74 61 20 69 6e 20 5c 63
72 65 66 7b 73 75 62 73  65 63 3a 6e 6f 74 61 5f
6d 65 74 6f 64 6f 6c 6f  67 69 63 61 7d 2c 20 6f
76 76 65 72 6f 20 69 6c  20 63 6f 6e 66 72 6f 6e
74 6f 20 73 75 6c 6c 27  69 6e 73 69 65 6d 65 20
63 6f 6d 70 6c 65 74 6f  20 64 65 69 20 72 69 73
75 6c 74 61 74 69 2c 20  61 6c 20 6e 65 74 74 6f
20 64 69 20 5c 63 6f 64  65 7b 4f 52 44 45 52 20
42 59 7d 2f 5c 63 6f 64  65 7b 4c 49 4d 49 54 7d
2c 20 6c 65 20 6d 65 74  72 69 63 68 65 20 64 69
20 70 72 65 63 69 73 69  6f 6e 2c 20 72 65 63 61
6c 6c 20 65 20 46 31 20  70 65 72 20 63 61 74 65
67 6f 72 69 61 20 73 6f  6e 6f 20 6c 65 20 73 65
67 75 65 6e 74 69 3a 0a  0a 5c 62 65 67 69 6e 7b
74 61 62 6c 65 7d 5b 68  74 5d 0a 5c 63 65 6e 74
65 72 69 6e 67 0a 5c 62  65 67 69 6e 7b 74 61 62
75 6c 61 72 7d 7b 6c 72  72 72 72 7d 0a 5c 74 6f
70 72 75 6c 65 0a 43 61  74 65 67 6f 72 69 61 20
26 20 4e 20 26 20 50 72  65 63 69 73 69 6f 6e 20
26 20 52 65 63 61 6c 6c  20 26 20 46 31 20 5c 5c
0a 5c 6d 69 64 72 75 6c  65 0a 64 61 74 61 5c 5f
65 73 61 74 74 61 20 20  20 20 20 20 20 20 26 20
32 33 33 20 26 20 31 2e  30 30 30 20 26 20 31 2e
30 30 30 20 26 20 31 2e  30 30 30 20 5c 5c 0a 66
6f 72 6d 61 74 6f 5c 5f  66 69 6c 65 20 20 20 20
20 20 20 26 20 36 36 20  20 26 20 31 2e 30 30 30
20 26 20 31 2e 30 30 30  20 26 20 31 2e 30 30 30
20 5c 5c 0a 64 69 73 70  6f 73 69 74 69 76 6f 20
20 20 20 20 20 20 20 20  26 20 34 30 20 20 26 20
31 2e 30 30 30 20 26 20  31 2e 30 30 30 20 26 20
31 2e 30 30 30 20 5c 5c  0a 63 6f 6e 74 61 69 6e
65 72 5c 5f 63 61 72 74  65 6c 6c 61 20 26 20 33
30 20 20 26 20 31 2e 30  30 30 20 26 20 31 2e 30
30 30 20 26 20 31 2e 30  30 30 20 5c 5c 0a 72 69
63 65 72 63 61 5c 5f 74  65 73 74 75 61 6c 65 20
20 20 26 20 32 38 20 20  26 20 31 2e 30 30 30 20
26 20 31 2e 30 30 30 20  26 20 31 2e 30 30 30 20
5c 5c 0a 61 75 74 6f 72  65 20 20 20 20 20 20 20
20 20 20 20 20 20 20 26  20 32 36 20 20 26 20 31
2e 30 30 30 20 26 20 31  2e 30 30 30 20 26 20 31
2e 30 30 30 20 5c 5c 0a  64 61 74 61 5c 5f 69 6e
74 65 72 76 61 6c 6c 6f  20 20 20 20 26 20 32 30
20 20 26 20 31 2e 30 30  30 20 26 20 31 2e 30 30
30 20 26 20 31 2e 30 30  30 20 5c 5c 0a 5c 6d 69
64 72 75 6c 65 0a 5c 74  65 78 74 62 66 7b 4d 65
64 69 61 20 63 6f 6d 70  6c 65 73 73 69 76 61 7d
20 26 20 5c 74 65 78 74  62 66 7b 34 34 33 7d 20
26 20 5c 74 65 78 74 62  66 7b 31 2e 30 30 30 7d
20 26 20 5c 74 65 78 74  62 66 7b 31 2e 30 30 30
7d 20 26 20 5c 74 65 78  74 62 66 7b 31 2e 30 30
30 7d 20 5c 5c 0a 5c 62  6f 74 74 6f 6d 72 75 6c
65 0a 5c 65 6e 64 7b 74  61 62 75 6c 61 72 7d 0a
5c 63 61 70 74 69 6f 6e  7b 50 72 65 63 69 73 69
6f 6e 2c 20 72 65 63 61  6c 6c 20 65 20 46 31 20
6d 65 64 69 20 70 65 72  20 63 61 74 65 67 6f 72
69 61 2c 20 63 61 6c 63  6f 6c 61 74 69 20 73 75
6c 6c 27 69 6e 73 69 65  6d 65 20 63 6f 6d 70 6c
65 74 6f 20 64 65 69 20  72 69 73 75 6c 74 61 74
69 20 28 61 6c 20 6e 65  74 74 6f 20 64 69 20 5c
63 6f 64 65 7b 4f 52 44  45 52 20 42 59 7d 2f 5c
63 6f 64 65 7b 4c 49 4d  49 54 7d 29 7d 5c 6c 61
62 65 6c 7b 74 61 62 3a  6d 65 74 72 69 63 68 65
5f 63 61 74 65 67 6f 72  69 61 7d 0a 5c 65 6e 64
7b 74 61 62 6c 65 7d 0a  0a 41 6e 63 68 65 20 69
6c 20 72 69 63 6f 6e 6f  73 63 69 6d 65 6e 74 6f
20 64 65 6c 6c 65 20 72  69 63 68 69 65 73 74 65
20 4f 75 74 2d 6f 66 2d  44 6f 6d 61 69 6e 20 28
5c 63 72 65 66 7b 73 75  62 73 65 63 3a 65 72 72
6f 72 69 7d 29 20 72 61  67 67 69 75 6e 67 65 20
69 6c 20 31 30 30 5c 25  20 64 69 20 61 63 63 75
72 61 74 65 7a 7a 61 3a  20 74 75 74 74 69 20 69
20 35 37 20 65 73 65 6d  70 69 20 66 75 6f 72 69
20 64 6f 6d 69 6e 69 6f  20 6e 65 6c 20 74 65 73
74 20 73 65 74 20 73 6f  6e 6f 20 73 74 61 74 69
20 63 6f 72 72 65 74 74  61 6d 65 6e 74 65 20 63
6c 61 73 73 69 66 69 63  61 74 69 20 63 6f 6d 65
20 74 61 6c 69 20 64 61  6c 20 6d 6f 64 65 6c 6c
6f 2e 20 41 6c 6c 6f 20  73 74 65 73 73 6f 20 6d
6f 64 6f 2c 20 69 6c 20  5c 63 6f 64 65 7b 6c 69
6d 69 74 5c 5f 6d 61 74  63 68 7d 20 28 63 6f 72
72 69 73 70 6f 6e 64 65  6e 7a 61 20 65 73 61 74
74 61 20 64 65 6c 20 76  61 6c 6f 72 65 20 72 69
63 68 69 65 73 74 6f 20  6e 65 6c 6c 61 20 63 6c
61 75 73 6f 6c 61 20 5c  63 6f 64 65 7b 4c 49 4d
49 54 7d 29 20 c3 a8 20  76 65 72 69 66 69 63 61
74 6f 20 6e 65 6c 20 31  30 30 5c 25 20 64 65 69
20 34 34 33 20 63 61 73  69 20 6e 6f 6e 20 4f 75
74 2d 6f 66 2d 44 6f 6d  61 69 6e 20 69 6e 20 63
75 69 20 61 6c 6d 65 6e  6f 20 75 6e 61 20 64 65
6c 6c 65 20 64 75 65 20  71 75 65 72 79 20 69 6e
63 6c 75 64 65 20 75 6e  20 5c 63 6f 64 65 7b 4c
49 4d 49 54 7d 2e 0a 0a  5c 73 75 62 73 65 63 74
69 6f 6e 7b 4e 6f 74 61  20 63 72 69 74 69 63 61
3a 20 69 6e 74 65 72 70  72 65 74 61 7a 69 6f 6e
65 20 64 65 69 20 72 69  73 75 6c 74 61 74 69 20
70 65 72 66 65 74 74 69  7d 5c 6c 61 62 65 6c 7b
73 75 62 73 65 63 3a 6e  6f 74 61 5f 63 72 69 74
69 63 61 7d 0a 0a 49 20  72 69 73 75 6c 74 61 74
69 20 72 69 70 6f 72 74  61 74 69 20 69 6e 20 5c
63 72 65 66 7b 74 61 62  3a 6d 65 74 72 69 63 68
65 5f 63 61 74 65 67 6f  72 69 61 7d 20 6d 65 72
69 74 61 6e 6f 20 75 6e  61 20 64 69 73 63 75 73
73 69 6f 6e 65 20 65 73  70 6c 69 63 69 74 61 2c
20 70 6f 69 63 68 c3 a9  20 75 6e 20 70 75 6e 74
65 67 67 69 6f 20 64 69  20 31 2e 30 30 30 20 75
6e 69 66 6f 72 6d 65 20  73 75 20 6f 67 6e 69 20
6d 65 74 72 69 63 61 20  65 20 6f 67 6e 69 20 63
61 74 65 67 6f 72 69 61  20 c3 a8 20 75 6e 20 65
73 69 74 6f 20 63 68 65  20 72 69 63 68 69 65 64
65 20 63 61 75 74 65 6c  61 20 69 6e 74 65 72 70
72 65 74 61 74 69 76 61  20 70 69 c3 b9 20 63 68
65 20 65 6e 74 75 73 69  61 73 6d 6f 20 61 63 72
69 74 69 63 6f 2e 0a 0a  55 6e 27 69 73 70 65 7a
69 6f 6e 65 20 64 69 72  65 74 74 61 20 64 65 6c
6c 65 20 35 30 30 20 63  6f 70 70 69 65 20 28 71
75 65 72 79 20 67 65 6e  65 72 61 74 61 2c 20 71
75 65 72 79 20 64 69 20  72 69 66 65 72 69 6d 65
6e 74 6f 29 20 69 6e 20  5c 63 6f 64 65 7b 70 72
65 64 69 63 74 69 6f 6e  73 2e 6a 73 6f 6e 7d 20
72 69 76 65 6c 61 20 63  68 65 20 5c 74 65 78 74
62 66 7b 74 75 74 74 65  20 6c 65 20 35 30 30 20
71 75 65 72 79 20 67 65  6e 65 72 61 74 65 20 64
61 6c 20 6d 6f 64 65 6c  6c 6f 20 73 6f 6e 6f 20
69 64 65 6e 74 69 63 68  65 2c 20 63 61 72 61 74
74 65 72 65 20 70 65 72  20 63 61 72 61 74 74 65
72 65 2c 20 61 6c 6c 61  20 72 69 73 70 65 74 74
69 76 61 20 71 75 65 72  79 20 64 69 20 72 69 66
65 72 69 6d 65 6e 74 6f  7d 2e 20 51 75 65 73 74
6f 20 c3 a8 20 75 6e 20  64 61 74 6f 20 64 69 20
66 61 74 74 6f 20 64 69  73 74 69 6e 74 6f 2c 20
65 20 70 69 c3 b9 20 66  6f 72 74 65 2c 20 64 65
6c 6c 61 20 73 65 6d 70  6c 69 63 65 20 65 71 75
69 76 61 6c 65 6e 7a 61  20 73 65 6d 61 6e 74 69
63 61 20 64 65 69 20 72  69 73 75 6c 74 61 74 69
3a 20 6e 6f 6e 20 73 69  20 74 72 61 74 74 61 20
64 69 20 66 6f 72 6d 75  6c 61 7a 69 6f 6e 69 20
73 69 6e 74 61 74 74 69  63 61 6d 65 6e 74 65 20
64 69 76 65 72 73 65 20  63 68 65 20 70 72 6f 64
75 63 6f 6e 6f 20 6c 6f  20 73 74 65 73 73 6f 20
69 6e 73 69 65 6d 65 20  64 69 20 72 69 73 75 6c
74 61 74 69 2c 20 6d 61  20 64 69 20 75 6e 61 20
72 69 70 72 6f 64 75 7a  69 6f 6e 65 20 65 73 61
74 74 61 20 64 65 6c 6c  61 20 73 74 72 69 6e 67
61 20 53 50 41 52 51 4c  20 61 74 74 65 73 61 2e
0a 0a 51 75 65 73 74 6f  20 66 65 6e 6f 6d 65 6e
6f 20 c3 a8 20 73 70 69  65 67 61 62 69 6c 65 20
61 6c 6c 61 20 6c 75 63  65 20 64 69 20 63 6f 6d
65 20 69 6c 20 74 65 73  74 20 73 65 74 20 c3 a8
20 73 74 61 74 6f 20 63  6f 73 74 72 75 69 74 6f
3a 20 6c 65 20 64 6f 6d  61 6e 64 65 20 65 20 6c
65 20 71 75 65 72 79 20  64 69 20 72 69 66 65 72
69 6d 65 6e 74 6f 20 73  6f 6e 6f 20 67 65 6e 65
72 61 74 65 20 64 61 6c  6c 6f 20 73 74 65 73 73
6f 20 73 69 73 74 65 6d  61 20 64 69 20 74 65 6d
70 6c 61 74 65 20 70 61  72 61 6d 65 74 72 69 63
69 20 28 5c 63 72 65 66  7b 73 75 62 73 65 63 3a
64 61 74 61 73 65 74 5f  67 65 6e 7d 29 20 75 73
61 74 6f 20 70 65 72 20  70 72 6f 64 75 72 72 65
20 69 6c 20 64 61 74 61  73 65 74 20 64 69 20 74
72 61 69 6e 69 6e 67 2e  20 4c 65 20 38 20 72 65
67 6f 6c 65 20 61 73 73  6f 6c 75 74 65 20 64 65
6c 20 73 79 73 74 65 6d  20 70 72 6f 6d 70 74 20
28 5c 63 72 65 66 7b 73  75 62 73 65 63 3a 72 65
67 6f 6c 65 7d 29 20 76  69 6e 63 6f 6c 61 6e 6f
20 66 6f 72 74 65 6d 65  6e 74 65 20 6c 61 20 66
6f 72 6d 61 20 73 69 6e  74 61 74 74 69 63 61 20
64 65 6c 6c 61 20 71 75  65 72 79 20 61 74 74 65
73 61 3a 20 75 6e 27 75  6e 69 63 61 20 73 74 72
75 74 74 75 72 61 20 5c  63 6f 64 65 7b 53 45 4c
45 43 54 20 44 49 53 54  49 4e 43 54 20 3f 69 6d
61 67 65 20 57 48 45 52  45 20 5c 7b 5c 6c 64 6f
74 73 5c 7d 7d 2c 20 70  72 65 64 69 63 61 74 69
20 66 69 73 73 69 20 70  65 72 20 63 69 61 73 63
75 6e 20 69 6e 74 65 6e  74 6f 2c 20 63 68 65 20
72 69 64 75 63 65 20 6c  6f 20 73 70 61 7a 69 6f
20 64 65 6c 6c 65 20 72  69 73 70 6f 73 74 65 20
70 6c 61 75 73 69 62 69  6c 69 20 61 20 75 6e 20
69 6e 73 69 65 6d 65 20  72 69 73 74 72 65 74 74
6f 20 65 2c 20 70 65 72  20 63 6f 73 74 72 75 7a
69 6f 6e 65 2c 20 64 65  74 65 72 6d 69 6e 69 73
74 69 63 6f 20 64 61 74  6f 20 6c 27 69 6e 74 65
6e 74 6f 20 65 20 69 20  70 61 72 61 6d 65 74 72
69 20 64 65 6c 6c 61 20  64 6f 6d 61 6e 64 61 2e
0a 0a 49 6e 20 61 6c 74  72 65 20 70 61 72 6f 6c
65 2c 20 75 6e 61 20 63  6f 72 72 69 73 70 6f 6e
64 65 6e 7a 61 20 65 73  61 74 74 61 20 61 6c 20
31 30 30 5c 25 20 c3 a8  20 63 6f 65 72 65 6e 74
65 20 63 6f 6e 20 64 75  65 20 69 70 6f 74 65 73
69 20 6e 6f 6e 20 6d 75  74 75 61 6d 65 6e 74 65
20 65 73 63 6c 75 73 69  76 65 3a 0a 0a 5c 62 65
67 69 6e 7b 65 6e 75 6d  65 72 61 74 65 7d 0a 20
20 20 20 5c 69 74 65 6d  20 49 6c 20 6d 6f 64 65
6c 6c 6f 20 68 61 20 65  66 66 65 74 74 69 76 61
6d 65 6e 74 65 20 61 70  70 72 65 73 6f 20 63 6f
6e 20 67 72 61 6e 64 65  20 65 66 66 69 63 61 63
69 61 20 6c 61 20 6d 61  70 70 61 74 75 72 61 20
74 72 61 20 69 6e 74 65  6e 74 69 20 6c 69 6e 67
75 69 73 74 69 63 69 20  65 20 73 74 72 75 74 74
75 72 61 20 53 50 41 52  51 4c 20 69 6d 70 6f 73
74 61 20 64 61 6c 6c 65  20 72 65 67 6f 6c 65 2c
20 67 65 6e 65 72 61 6c  69 7a 7a 61 6e 64 6f 20
63 6f 72 72 65 74 74 61  6d 65 6e 74 65 20 73 75
20 70 61 72 61 6d 65 74  72 69 20 28 61 6e 6e 69
2c 20 64 69 73 70 6f 73  69 74 69 76 69 2c 20 6e
6f 6d 69 20 64 69 20 66  69 6c 65 29 20 61 6e 63
68 65 20 73 65 20 6e 6f  6e 20 69 64 65 6e 74 69
63 69 20 61 20 71 75 65  6c 6c 69 20 76 69 73 74
69 20 69 6e 20 74 72 61  69 6e 69 6e 67 3b 0a 20
20 20 20 5c 69 74 65 6d  20 49 6c 20 74 65 73 74
20 73 65 74 2c 20 65 73  73 65 6e 64 6f 20 67 65
6e 65 72 61 74 6f 20 64  61 6c 6c 6f 20 73 74 65
73 73 6f 20 70 72 6f 63  65 73 73 6f 20 64 65 6c
20 74 72 61 69 6e 69 6e  67 20 73 65 74 2c 20 63
6f 6e 64 69 76 69 64 65  20 63 6f 6e 20 65 73 73
6f 20 75 6e 61 20 64 69  73 74 72 69 62 75 7a 69
6f 6e 65 20 64 69 20 73  75 70 65 72 66 69 63 69
65 20 73 75 66 66 69 63  69 65 6e 74 65 6d 65 6e
74 65 20 76 69 6e 63 6f  6c 61 74 61 20 28 70 65
72 20 76 69 61 20 64 65  6c 6c 65 20 38 20 72 65
67 6f 6c 65 20 61 73 73  6f 6c 75 74 65 29 20 64
61 20 72 65 6e 64 65 72  65 20 69 6c 20 63 6f 6d
70 69 74 6f 20 64 69 20  67 65 6e 65 72 61 7a 69
6f 6e 65 20 71 75 61 73  69 20 64 65 74 65 72 6d
69 6e 69 73 74 69 63 6f  2c 20 72 69 64 75 63 65
6e 64 6f 20 69 6c 20 76  61 6c 6f 72 65 20 64 69
20 71 75 65 73 74 61 20  76 61 6c 75 74 61 7a 69
6f 6e 65 20 63 6f 6d 65  20 6d 69 73 75 72 61 20
64 69 20 5c 65 6d 70 68  7b 67 65 6e 65 72 61 6c
69 7a 7a 61 7a 69 6f 6e  65 7d 20 61 20 64 6f 6d
61 6e 64 65 20 72 65 61  6c 6d 65 6e 74 65 20 6e
75 6f 76 65 20 65 20 66  6f 72 6d 75 6c 61 74 65
20 6c 69 62 65 72 61 6d  65 6e 74 65 20 64 61 20
75 6e 20 75 74 65 6e 74  65 20 75 6d 61 6e 6f 2e
0a 5c 65 6e 64 7b 65 6e  75 6d 65 72 61 74 65 7d
0a 0a 49 6c 20 63 6f 64  69 63 65 20 64 69 20 69
6e 66 65 72 65 6e 7a 61  20 28 5c 63 6f 64 65 7b
67 65 6e 65 72 61 74 65  5c 5f 70 72 65 64 69 63
74 69 6f 6e 73 2e 69 70  79 6e 62 7d 29 20 63 6f
6e 66 65 72 6d 61 20 63  68 65 20 69 6c 20 74 65
73 74 20 73 65 74 20 63  6f 73 74 69 74 75 69 73
63 65 20 75 6e 61 20 72  65 61 6c 65 20 70 61 72
74 69 7a 69 6f 6e 65 20  5c 74 65 78 74 69 74 7b
68 65 6c 64 2d 6f 75 74  7d 3a 20 6c 27 65 73 74
72 61 7a 69 6f 6e 65 20  c3 a8 20 61 76 76 65 6e
75 74 61 20 69 6e 20 6d  6f 64 6f 20 64 65 74 65
72 6d 69 6e 69 73 74 69  63 6f 20 63 6f 6e 20 75
6e 20 72 61 70 70 6f 72  74 6f 20 39 35 5c 25 2f
35 5c 25 20 65 20 6c 6f  20 73 74 65 73 73 6f 20
73 65 65 64 20 28 5c 63  6f 64 65 7b 33 34 30 37
7d 29 20 75 73 61 74 6f  20 70 65 72 20 6c 61 20
63 6f 6e 66 69 67 75 72  61 7a 69 6f 6e 65 20 64
65 6c 20 74 72 61 69 6e  69 6e 67 2e 20 51 75 65
73 74 6f 20 65 73 63 6c  75 64 65 20 5c 74 65 78
74 69 74 7b 64 61 74 61  20 6c 65 61 6b 61 67 65
7d 20 6f 20 73 6f 76 72  61 70 70 6f 73 69 7a 69
6f 6e 69 20 28 69 6c 20  6d 6f 64 65 6c 6c 6f 20
68 61 20 65 6c 61 62 6f  72 61 74 6f 20 69 73 74
61 6e 7a 65 20 6d 61 69  20 76 69 73 74 65 20 69
6e 20 66 61 73 65 20 64  69 20 61 64 64 65 73 74
72 61 6d 65 6e 74 6f 29  20 65 20 61 76 76 61 6c
6f 72 61 20 6c 27 69 70  6f 74 65 73 69 20 64 65
6c 6c 61 20 67 65 6e 65  72 61 6c 69 7a 7a 61 7a
69 6f 6e 65 20 73 74 72  75 74 74 75 72 61 6c 65
20 28 70 75 6e 74 6f 20  31 29 2c 20 70 75 72 20
63 6f 6e 66 65 72 6d 61  6e 64 6f 20 63 68 65 20
74 61 6c 65 20 67 65 6e  65 72 61 6c 69 7a 7a 61
7a 69 6f 6e 65 20 61 76  76 69 65 6e 65 20 73 74
72 65 74 74 61 6d 65 6e  74 65 20 5c 74 65 78 74
69 74 7b 69 6e 2d 64 69  73 74 72 69 62 75 74 69
6f 6e 7d 20 72 69 73 70  65 74 74 6f 20 61 69 20
74 65 6d 70 6c 61 74 65  2e 0a 0a 51 75 65 73 74
61 20 6f 73 73 65 72 76  61 7a 69 6f 6e 65 20 6e
6f 6e 20 69 6e 76 61 6c  69 64 61 20 69 6c 20 72
69 73 75 6c 74 61 74 6f  3a 20 75 6e 27 61 63 63
75 72 61 74 65 7a 7a 61  20 73 69 6e 74 61 74 74
69 63 61 20 65 64 20 65  73 65 63 75 74 69 76 61
20 64 65 6c 20 31 30 30  5c 25 20 73 75 69 20 66
6f 72 6d 61 74 69 20 64  69 20 71 75 65 72 79 20
63 6f 70 65 72 74 69 20  64 61 6c 20 67 65 6e 65
72 61 74 6f 72 65 20 72  65 73 74 61 20 75 6e 20
74 72 61 67 75 61 72 64  6f 20 73 6f 6c 69 64 6f
20 65 20 75 74 69 6c 65  20 70 65 72 20 6c 27 61
70 70 6c 69 63 61 74 69  76 6f 2e 20 4e 65 20 64
65 6c 69 6d 69 74 61 20  70 65 72 c3 b2 20 6c 61
20 70 6f 72 74 61 74 61  3a 20 6c 61 20 76 61 6c
75 74 61 7a 69 6f 6e 65  20 71 75 61 6e 74 69 74
61 74 69 76 61 20 71 75  69 20 70 72 65 73 65 6e
74 61 74 61 20 6d 69 73  75 72 61 20 70 72 69 6e
63 69 70 61 6c 6d 65 6e  74 65 20 6c 61 20 63 61
70 61 63 69 74 c3 a0 20  64 65 6c 20 6d 6f 64 65
6c 6c 6f 20 64 69 20 72  69 73 70 65 74 74 61 72
65 20 69 6e 20 6d 6f 64  6f 20 61 66 66 69 64 61
62 69 6c 65 20 65 20 72  69 70 65 74 69 62 69 6c
65 20 6c 61 20 67 72 61  6d 6d 61 74 69 63 61 20
65 20 6c 65 20 72 65 67  6f 6c 65 20 69 6d 70 6f
73 74 65 20 64 61 6c 20  73 79 73 74 65 6d 20 70
72 6f 6d 70 74 2c 20 70  69 c3 b9 20 63 68 65 20
6c 61 20 73 75 61 20 63  61 70 61 63 69 74 c3 a0
20 64 69 20 64 65 63 6f  64 69 66 69 63 61 72 65
20 66 6f 72 6d 75 6c 61  7a 69 6f 6e 69 20 6c 69
62 65 72 65 20 65 20 69  6d 70 72 65 76 69 73 74
65 20 64 69 20 75 6e 20  72 69 63 65 72 63 61 74
6f 72 65 20 75 6d 61 6e  6f 2e 20 4d 61 6e 63 61
20 61 6e 63 6f 72 61 20  75 6e 61 20 70 72 6f 76
61 20 63 6f 6e 20 64 6f  6d 61 6e 64 65 20 70 6f
73 74 65 20 69 6e 20 6d  6f 64 6f 20 73 70 6f 6e
74 61 6e 65 6f 20 64 61  20 75 74 65 6e 74 69 20
72 65 61 6c 69 2c 20 6e  6f 6e 20 76 69 6e 63 6f
6c 61 74 65 20 64 61 69  20 74 65 6d 70 6c 61 74
65 20 64 65 6c 20 67 65  6e 65 72 61 74 6f 72 65
20 28 5c 63 72 65 66 7b  63 68 61 70 3a 63 6f 6e
63 6c 75 73 69 6f 6e 69  7d 29 2e 0a 0a 5c 73 75
62 73 65 63 74 69 6f 6e  7b 4d 69 67 6c 69 6f 72
61 6d 65 6e 74 6f 20 72  69 73 70 65 74 74 6f 20
61 6c 6c 65 20 73 6f 6c  75 7a 69 6f 6e 69 20 70
72 65 63 65 64 65 6e 74  69 7d 5c 6c 61 62 65 6c
7b 73 75 62 73 65 63 3a  6d 69 67 6c 69 6f 72 61
6d 65 6e 74 6f 7d 0a 0a  41 6c 20 64 69 20 6c c3
a0 20 64 65 6c 6c 65 20  6d 65 74 72 69 63 68 65
20 71 75 61 6e 74 69 74  61 74 69 76 65 2c 20 6c
27 65 66 66 69 63 61 63  69 61 20 64 65 6c 20 73
69 73 74 65 6d 61 20 73  69 20 6d 69 73 75 72 61
20 61 6e 63 68 65 20 72  69 73 70 65 74 74 6f 20
61 6c 20 6d 69 67 6c 69  6f 72 61 6d 65 6e 74 6f
20 71 75 61 6c 69 74 61  74 69 76 6f 20 64 65 6c
6c 65 20 66 75 6e 7a 69  6f 6e 61 6c 69 74 c3 a0
20 64 69 73 70 6f 6e 69  62 69 6c 69 20 70 65 72
20 69 6c 20 72 69 63 65  72 63 61 74 6f 72 65 20
75 6d 61 6e 69 73 74 61  2c 20 69 6e 20 63 6f 6e
74 69 6e 75 69 74 c3 a0  20 63 6f 6e 20 6c 61 20
64 69 73 63 75 73 73 69  6f 6e 65 20 64 65 6c 20
5c 63 72 65 66 7b 63 68  61 70 3a 63 6f 6e 74 65
73 74 6f 7d 20 28 61 72  63 68 69 74 65 74 74 75
72 61 20 64 65 6c 6c 27  69 6e 66 6f 72 6d 61 7a
69 6f 6e 65 2c 20 62 65  72 72 79 70 69 63 6b 69
6e 67 2c 20 63 61 72 69  63 6f 20 63 6f 67 6e 69
74 69 76 6f 29 3a 0a 0a  5c 62 65 67 69 6e 7b 73
6c 6f 70 70 79 70 61 72  7d 0a 5c 62 65 67 69 6e
7b 69 74 65 6d 69 7a 65  7d 0a 20 20 20 20 5c 69
74 65 6d 20 5c 74 65 78  74 62 66 7b 46 75 6e 7a
69 6f 6e 61 6c 69 74 c3  a0 7d 3a 20 70 72 69 6d
61 20 64 65 6c 6c 27 69  6e 74 72 6f 64 75 7a 69
6f 6e 65 20 64 65 6c 20  73 69 73 74 65 6d 61 2c
20 6e 6f 6e 20 65 73 69  73 74 65 76 61 20 61 6c
63 75 6e 20 6d 65 63 63  61 6e 69 73 6d 6f 20 64
69 20 72 69 63 65 72 63  61 20 70 65 72 20 63 6f
6e 74 65 6e 75 74 6f 20  6f 20 63 6f 6e 63 65 74
74 6f 20 73 75 6c 20 44  61 74 61 76 61 75 6c 74
3b 20 6c 27 75 6e 69 63  61 20 6d 6f 64 61 6c 69
74 c3 a0 20 64 69 20 61  63 63 65 73 73 6f 20 65
72 61 20 6c 61 20 6e 61  76 69 67 61 7a 69 6f 6e
65 20 64 69 72 65 74 74  61 20 64 65 6c 6c 61 20
73 74 72 75 74 74 75 72  61 20 61 20 63 6f 6e 74
61 69 6e 65 72 20 28 5c  63 72 65 66 7b 73 75 62
73 65 63 3a 64 68 61 72  63 7d 29 2e 20 49 6c 20
73 69 73 74 65 6d 61 20  69 6e 74 72 6f 64 75 63
65 20 65 78 20 6e 6f 76  6f 20 71 75 65 73 74 61
20 66 75 6e 7a 69 6f 6e  61 6c 69 74 c3 a0 2e 0a
20 20 20 20 5c 69 74 65  6d 20 5c 74 65 78 74 62
66 7b 55 73 61 62 69 6c  69 74 c3 a0 7d 3a 20 6c
27 69 6e 74 65 72 61 7a  69 6f 6e 65 20 c3 a8 20
72 69 64 6f 74 74 61 20  61 20 75 6e 20 73 69 6e
67 6f 6c 6f 20 63 61 6d  70 6f 20 64 69 20 74 65
73 74 6f 20 69 6e 20 6c  69 6e 67 75 61 67 67 69
6f 20 6e 61 74 75 72 61  6c 65 2c 20 65 6c 69 6d
69 6e 61 6e 64 6f 20 6c  61 20 6e 65 63 65 73 73
69 74 c3 a0 20 64 69 20  63 6f 6e 6f 73 63 65 72
65 20 70 72 65 66 69 73  73 69 20 52 44 46 2c 20
73 69 6e 74 61 73 73 69  20 53 50 41 52 51 4c 20
6f 20 6c 61 20 73 74 72  75 74 74 75 72 61 20 69
6e 74 65 72 6e 61 20 64  65 6c 6c 6f 20 73 63 68
65 6d 61 20 28 5c 63 72  65 66 7b 73 75 62 73 65
63 3a 74 72 65 5f 62 61  72 72 69 65 72 65 7d 29
2e 0a 20 20 20 20 5c 69  74 65 6d 20 5c 74 65 78
74 62 66 7b 49 6e 74 65  67 72 61 7a 69 6f 6e 65
7d 3a 20 69 6c 20 73 69  73 74 65 6d 61 20 73 69
20 69 6e 74 65 67 72 61  20 6e 65 6c 6c 27 69 6e
66 72 61 73 74 72 75 74  74 75 72 61 20 65 73 69
73 74 65 6e 74 65 20 28  46 65 64 6f 72 61 2f 42
6c 61 7a 65 67 72 61 70  68 29 20 73 65 6e 7a 61
20 72 69 63 68 69 65 64  65 72 65 20 6d 6f 64 69
66 69 63 68 65 20 61 6c  6c 6f 20 73 63 68 65 6d
61 20 64 61 74 69 20 6f  20 6d 69 67 72 61 7a 69
6f 6e 69 2c 20 6f 70 65  72 61 6e 64 6f 20 63 6f
6d 65 20 6c 61 79 65 72  20 61 70 70 6c 69 63 61
74 69 76 6f 20 61 67 67  69 75 6e 74 69 76 6f 2e
0a 20 20 20 20 5c 69 74  65 6d 20 5c 74 65 78 74
62 66 7b 4d 61 6e 75 74  65 6e 7a 69 6f 6e 65 7d
3a 20 6c 61 20 73 65 70  61 72 61 7a 69 6f 6e 65
20 6e 65 74 74 61 20 74  72 61 20 64 61 74 61 73
65 74 20 64 69 20 74 72  61 69 6e 69 6e 67 2c 20
73 79 73 74 65 6d 20 70  72 6f 6d 70 74 20 65 20
62 61 63 6b 65 6e 64 20  64 69 20 69 6e 66 65 72
65 6e 7a 61 20 28 5c 63  72 65 66 7b 63 68 61 70
3a 69 6d 70 6c 65 6d 65  6e 74 61 7a 69 6f 6e 65
7d 29 20 63 6f 6e 73 65  6e 74 65 20 64 69 20 61
67 67 69 6f 72 6e 61 72  65 20 69 6c 20 63 6f 6d
70 6f 72 74 61 6d 65 6e  74 6f 20 64 65 6c 20 73
69 73 74 65 6d 61 20 28  61 64 20 65 73 65 6d 70
69 6f 20 61 67 67 69 75  6e 67 65 6e 64 6f 20 6e
75 6f 76 65 20 63 61 74  65 67 6f 72 69 65 20 64
69 20 71 75 65 72 79 29  20 73 65 6e 7a 61 20 64
6f 76 65 72 20 69 6e 74  65 72 76 65 6e 69 72 65
20 73 75 6c 6c 27 69 6e  66 72 61 73 74 72 75 74
74 75 72 61 20 64 61 74  69 20 73 6f 74 74 6f 73
74 61 6e 74 65 2e 0a 5c  65 6e 64 7b 69 74 65 6d
69 7a 65 7d 0a 5c 65 6e  64 7b 73 6c 6f 70 70 79
70 61 72 7d 0a 0a 5c 73  75 62 73 75 62 73 65 63
74 69 6f 6e 7b 4c 69 6d  69 74 65 3a 20 6e 65 73
73 75 6e 20 63 6f 6e 66  72 6f 6e 74 6f 20 64 69
72 65 74 74 6f 20 63 6f  6e 20 6c 27 61 6c 74 65
72 6e 61 74 69 76 61 20  6d 61 6e 75 61 6c 65 7d
0a 0a 49 20 71 75 61 74  74 72 6f 20 70 75 6e 74
69 20 73 6f 70 72 61 20  72 65 73 74 61 6e 6f 20
75 6e 20 63 6f 6e 66 72  6f 6e 74 6f 20 71 75 61
6c 69 74 61 74 69 76 6f  20 62 61 73 61 74 6f 20
73 75 6c 6c 27 61 6e 61  6c 69 73 69 20 61 72 63
68 69 74 65 74 74 75 72  61 6c 65 20 64 65 6c 20
73 69 73 74 65 6d 61 2c  20 6e 6f 6e 20 73 75 20
75 6e 61 20 6d 69 73 75  72 61 20 65 6d 70 69 72
69 63 61 20 64 69 72 65  74 74 61 2e 20 4e 6f 6e
20 c3 a8 20 73 74 61 74  6f 20 63 6f 6e 64 6f 74
74 6f 20 6e c3 a9 20 75  6e 20 63 72 6f 6e 6f 6d
65 74 72 61 67 67 69 6f  20 64 65 6c 20 74 65 6d
70 6f 20 6e 65 63 65 73  73 61 72 69 6f 20 61 20
75 6e 20 75 74 65 6e 74  65 20 70 65 72 20 73 63
72 69 76 65 72 65 20 6d  61 6e 75 61 6c 6d 65 6e
74 65 20 6c 65 20 71 75  65 72 79 20 53 50 41 52
51 4c 20 64 65 69 20 74  72 65 20 63 61 73 69 20
64 27 75 73 6f 20 64 65  6c 20 5c 63 72 65 66 7b
63 68 61 70 3a 70 72 6f  74 6f 74 69 70 6f 7d 2c
20 6e c3 a9 20 75 6e 20  74 65 73 74 20 64 69 20
75 73 61 62 69 6c 69 74  c3 a0 20 63 6f 6e 20 72
69 63 65 72 63 61 74 6f  72 69 20 72 65 61 6c 69
20 64 65 6c 20 64 6f 6d  69 6e 69 6f 20 44 48 2e
41 52 43 2e 5c 40 0a 0a  55 6e 27 69 6e 64 69 63
61 7a 69 6f 6e 65 20 69  6e 64 69 72 65 74 74 61
20 64 65 6c 6c 61 20 64  69 66 66 65 72 65 6e 7a
61 20 61 74 74 65 73 61  20 76 69 65 6e 65 20 64
61 6c 6c 61 20 63 6f 6d  70 6c 65 73 73 69 74 c3
a0 20 73 69 6e 74 61 74  74 69 63 61 20 73 74 65
73 73 61 20 64 65 69 20  63 61 73 69 20 64 27 75
73 6f 20 64 69 73 63 75  73 73 69 20 6e 65 6c 20
5c 63 72 65 66 7b 63 68  61 70 3a 70 72 6f 74 6f
74 69 70 6f 7d 3a 20 71  75 65 72 79 20 63 6f 6d
65 20 71 75 65 6c 6c 61  20 64 65 6c 20 63 61 73
6f 20 64 27 75 73 6f 20  33 20 28 66 69 6c 74 72
6f 20 6d 75 6c 74 69 2d  63 72 69 74 65 72 69 6f
20 73 75 20 64 69 73 70  6f 73 69 74 69 76 6f 2c
20 69 6e 74 65 72 76 61  6c 6c 6f 20 64 69 20 64
61 74 65 20 65 20 66 6f  72 6d 61 74 6f 29 20 72
69 63 68 69 65 64 6f 6e  6f 20 6c 61 20 63 6f 6e
6f 73 63 65 6e 7a 61 20  64 69 20 61 6c 6d 65 6e
6f 20 74 72 65 20 70 72  65 64 69 63 61 74 69 20
52 44 46 20 64 69 76 65  72 73 69 20 28 5c 63 6f
64 65 7b 65 78 69 66 3a  6d 61 6b 65 7d 2c 20 5c
63 6f 64 65 7b 65 78 69  66 3a 64 61 74 65 54 69
6d 65 7d 2c 20 5c 63 6f  64 65 7b 65 62 75 63 6f
72 65 3a 68 61 73 4d 69  6d 65 54 79 70 65 7d 29
20 65 20 6c 61 20 73 69  6e 74 61 73 73 69 20 63
6f 72 72 65 74 74 61 20  70 65 72 20 63 6f 6d 62
69 6e 61 72 6c 69 20 69  6e 20 75 6e 20 75 6e 69
63 6f 20 5c 63 6f 64 65  7b 57 48 45 52 45 7d 2c
20 63 6f 6d 70 65 74 65  6e 7a 65 20 63 68 65 20
69 6c 20 70 72 6f 66 69  6c 6f 20 75 74 65 6e 74
65 20 64 65 73 63 72 69  74 74 6f 20 6e 65 6c 20
5c 63 72 65 66 7b 73 75  62 73 65 63 3a 75 74 65
6e 74 69 7d 20 74 69 70  69 63 61 6d 65 6e 74 65
20 6e 6f 6e 20 70 6f 73  73 69 65 64 65 2e 20 51
75 65 73 74 6f 20 73 75  67 67 65 72 69 73 63 65
20 63 68 65 20 69 6c 20  76 61 6e 74 61 67 67 69
6f 20 69 6e 20 74 65 72  6d 69 6e 69 20 64 69 20
74 65 6d 70 6f 20 65 20  64 69 20 73 6f 67 6c 69
61 20 64 27 61 63 63 65  73 73 6f 20 73 69 61 20
73 6f 73 74 61 6e 7a 69  61 6c 65 2c 20 6d 61 20
72 65 73 74 61 20 61 70  70 75 6e 74 6f 20 75 6e
27 61 73 70 65 74 74 61  74 69 76 61 20 71 75 61
6c 69 74 61 74 69 76 61  20 65 20 6e 6f 6e 20 75
6e 20 64 61 74 6f 20 6d  69 73 75 72 61 74 6f 2e
0a 0a 43 6f 6c 6d 61 72  65 20 71 75 65 73 74 61
20 6c 61 63 75 6e 61 20  63 6f 6e 20 75 6e 20 76
65 72 6f 20 73 74 75 64  69 6f 20 63 6f 6d 70 61
72 61 74 69 76 6f 20 28  61 20 74 65 6d 70 6f 2c
20 6f 20 63 6f 6e 20 75  6e 20 67 72 75 70 70 6f
20 64 69 20 75 74 65 6e  74 69 20 72 65 61 6c 69
29 20 c3 a8 20 69 6e 64  69 63 61 74 6f 20 63 6f
6d 65 20 73 76 69 6c 75  70 70 6f 20 66 75 74 75
72 6f 20 6e 65 6c 20 5c  63 72 65 66 7b 63 68 61
70 3a 63 6f 6e 63 6c 75  73 69 6f 6e 69 7d 2e 0a
0a 25 20 3d 3d 3d 3d 3d  3d 3d 3d 3d 3d 3d 3d 3d
3d 3d 3d 3d 3d 3d 3d 3d  3d 3d 3d 3d 3d 3d 3d 3d
3d 3d 3d 3d 3d 3d 3d 3d  3d 3d 3d 3d 3d 3d 3d 3d
3d 3d 3d 3d 3d 3d 3d 3d  3d 3d 3d 3d 3d 3d 3d 3d
3d 3d 3d 3d 3d 3d 3d 3d  3d 3d 3d 3d 3d 3d 3d 3d
0a 5c 73 65 63 74 69 6f  6e 7b 44 69 73 63 75 73
73 69 6f 6e 65 20 64 65  69 20 72 69 73 75 6c 74
61 74 69 20 65 20 6c 69  6d 69 74 69 20 64 65 6c
6c 61 20 76 61 6c 75 74  61 7a 69 6f 6e 65 7d 5c
6c 61 62 65 6c 7b 73 65  63 3a 64 69 73 63 75 73
73 69 6f 6e 65 7d 0a 25  20 3d 3d 3d 3d 3d 3d 3d
3d 3d 3d 3d 3d 3d 3d 3d  3d 3d 3d 3d 3d 3d 3d 3d
3d 3d 3d 3d 3d 3d 3d 3d  3d 3d 3d 3d 3d 3d 3d 3d
3d 3d 3d 3d 3d 3d 3d 3d  3d 3d 3d 3d 3d 3d 3d 3d
3d 3d 3d 3d 3d 3d 3d 3d  3d 3d 3d 3d 3d 3d 3d 3d
3d 3d 3d 3d 3d 3d 0a 0a  49 20 72 69 73 75 6c 74
61 74 69 20 64 69 20 71  75 65 73 74 6f 20 63 61
70 69 74 6f 6c 6f 20 73  69 20 72 69 61 73 73 75
6d 6f 6e 6f 20 69 6e 20  74 72 65 20 70 75 6e 74
69 3a 0a 0a 5c 62 65 67  69 6e 7b 65 6e 75 6d 65
72 61 74 65 7d 0a 20 20  20 20 5c 69 74 65 6d 20
49 6c 20 73 69 73 74 65  6d 61 20 c3 a8 20 5c 74
65 78 74 62 66 7b 73 69  6e 74 61 74 74 69 63 61
6d 65 6e 74 65 20 61 66  66 69 64 61 62 69 6c 65
7d 3a 20 69 6c 20 31 30  30 5c 25 20 64 65 6c 6c
65 20 71 75 65 72 79 20  67 65 6e 65 72 61 74 65
20 6e 65 6c 20 74 65 73  74 20 73 65 74 20 c3 a8
20 65 73 65 67 75 69 62  69 6c 65 20 73 65 6e 7a
61 20 65 72 72 6f 72 69  20 63 6f 6e 74 72 6f 20
42 6c 61 7a 65 67 72 61  70 68 2c 20 67 72 61 7a
69 65 20 61 6c 20 76 69  6e 63 6f 6c 6f 20 69 6d
70 6f 73 74 6f 20 64 61  6c 6c 65 20 38 20 72 65
67 6f 6c 65 20 64 65 6c  20 73 79 73 74 65 6d 20
70 72 6f 6d 70 74 2e 0a  20 20 20 20 5c 69 74 65
6d 20 49 6c 20 73 69 73  74 65 6d 61 20 c3 a8 20
5c 74 65 78 74 62 66 7b  65 66 66 69 63 69 65 6e
74 65 20 6e 65 69 20 74  65 6d 70 69 20 64 69 20
72 69 73 70 6f 73 74 61  7d 3a 20 75 6e 61 20 6d
65 64 69 61 20 64 69 20  37 2e 34 35 20 73 65 63
6f 6e 64 69 20 70 65 72  20 71 75 65 72 79 20 73
75 20 47 50 55 20 54 34  20 c3 a8 20 63 6f 6d 70
61 74 69 62 69 6c 65 20  63 6f 6e 20 75 6e 27 69
6e 74 65 72 61 7a 69 6f  6e 65 20 63 6f 6e 76 65
72 73 61 7a 69 6f 6e 61  6c 65 2c 20 73 65 62 62
65 6e 65 20 69 6c 20 63  6f 6e 66 72 6f 6e 74 6f
20 63 6f 6e 20 75 6e 27  65 73 65 63 75 7a 69 6f
6e 65 20 73 75 20 43 50  55 20 72 69 63 68 69 65
64 61 20 75 6c 74 65 72  69 6f 72 65 20 76 65 72
69 66 69 63 61 20 65 6d  70 69 72 69 63 61 20 28
5c 63 72 65 66 7b 73 75  62 73 65 63 3a 74 65 6d
70 6f 5f 67 65 6e 65 72  61 7a 69 6f 6e 65 7d 29
2e 0a 20 20 20 20 5c 69  74 65 6d 20 49 20 70 75
6e 74 65 67 67 69 20 64  69 20 70 72 65 63 69 73
69 6f 6e 2f 72 65 63 61  6c 6c 2f 46 31 20 70 61
72 69 20 61 20 31 2e 30  30 30 20 76 61 6e 6e 6f
20 69 6e 74 65 72 70 72  65 74 61 74 69 20 63 6f
6e 20 63 61 75 74 65 6c  61 20 6d 65 74 6f 64 6f
6c 6f 67 69 63 61 20 28  5c 63 72 65 66 7b 73 75
62 73 65 63 3a 6e 6f 74  61 5f 63 72 69 74 69 63
61 7d 29 3a 20 72 69 66  6c 65 74 74 6f 6e 6f 20
70 72 69 6d 61 72 69 61  6d 65 6e 74 65 20 6c 61
20 63 61 70 61 63 69 74  c3 a0 20 64 65 6c 20 6d
6f 64 65 6c 6c 6f 20 64  69 20 72 69 73 70 65 74
74 61 72 65 20 75 6e 20  66 6f 72 6d 61 74 6f 20
64 69 20 71 75 65 72 79  20 66 6f 72 74 65 6d 65
6e 74 65 20 76 69 6e 63  6f 6c 61 74 6f 20 65 20
67 65 6e 65 72 61 74 6f  20 64 61 6c 6c 61 20 73
74 65 73 73 61 20 66 61  6d 69 67 6c 69 61 20 64
69 20 74 65 6d 70 6c 61  74 65 20 64 65 6c 20 74
72 61 69 6e 69 6e 67 20  73 65 74 2c 20 70 69 c3
b9 20 63 68 65 20 75 6e  61 20 6d 69 73 75 72 61
20 64 69 20 67 65 6e 65  72 61 6c 69 7a 7a 61 7a
69 6f 6e 65 20 73 75 20  64 6f 6d 61 6e 64 65 20
72 65 61 6c 6d 65 6e 74  65 20 6c 69 62 65 72 65
2e 0a 5c 65 6e 64 7b 65  6e 75 6d 65 72 61 74 65
7d 0a 0a 49 6c 20 6c 69  6d 69 74 65 20 70 72 69
6e 63 69 70 61 6c 65 20  64 69 20 71 75 65 73 74
61 20 76 61 6c 75 74 61  7a 69 6f 6e 65 20 c3 a8
20 64 75 6e 71 75 65 20  6c 61 20 6e 61 74 75 72
61 20 5c 74 65 78 74 62  66 7b 73 69 6e 74 65 74
69 63 61 20 65 20 69 6e  2d 64 6f 6d 69 6e 69 6f
7d 20 64 65 6c 20 74 65  73 74 20 73 65 74 20 75
74 69 6c 69 7a 7a 61 74  6f 2e 20 55 6e 61 20 76
61 6c 75 74 61 7a 69 6f  6e 65 20 70 69 c3 b9 20
63 6f 6e 63 6c 75 73 69  76 61 20 72 69 63 68 69
65 64 65 72 65 62 62 65  20 75 6e 20 63 6f 6e 66
72 6f 6e 74 6f 20 63 6f  6e 20 64 6f 6d 61 6e 64
65 20 70 6f 73 74 65 20  64 61 20 75 74 65 6e 74
69 20 72 65 61 6c 69 20  64 65 6c 20 64 6f 6d 69
6e 69 6f 20 44 48 2e 41  52 43 2c 20 6e 6f 6e 20
76 69 6e 63 6f 6c 61 74  65 20 64 61 6c 6c 61 20
73 74 72 75 74 74 75 72  61 20 64 65 69 20 74 65
6d 70 6c 61 74 65 20 64  69 20 67 65 6e 65 72 61
7a 69 6f 6e 65 3a 20 75  6e 27 65 73 74 65 6e 73
69 6f 6e 65 20 64 69 73  63 75 73 73 61 20 63 6f
6d 65 20 73 76 69 6c 75  70 70 6f 20 66 75 74 75
72 6f 20 6e 65 6c 20 5c  63 72 65 66 7b 63 68 61
70 3a 63 6f 6e 63 6c 75  73 69 6f 6e 69 7d 2e 0a
0a 25 20 3d 3d 3d 3d 3d  3d 3d 3d 3d 3d 3d 3d 3d
3d 3d 3d 3d 3d 3d 3d 3d  3d 3d 3d 3d 3d 3d 3d 3d
3d 3d 3d 3d 3d 3d 3d 3d  3d 3d 3d 3d 3d 3d 3d 3d
3d 3d 3d 3d 3d 3d 3d 3d  3d 3d 3d 3d 3d 3d 3d 3d
3d 3d 3d 3d 3d 3d 3d 3d  3d 3d 3d 3d 3d 3d 3d 3d
0a 5c 73 65 63 74 69 6f  6e 7b 43 6f 6e 63 6c 75
73 69 6f 6e 69 20 64 65  6c 20 63 61 70 69 74 6f
6c 6f 7d 5c 6c 61 62 65  6c 7b 73 65 63 3a 63 6f
6e 63 6c 75 73 69 6f 6e  69 5f 63 61 70 35 7d 0a
25 20 3d 3d 3d 3d 3d 3d  3d 3d 3d 3d 3d 3d 3d 3d
3d 3d 3d 3d 3d 3d 3d 3d  3d 3d 3d 3d 3d 3d 3d 3d
3d 3d 3d 3d 3d 3d 3d 3d  3d 3d 3d 3d 3d 3d 3d 3d
3d 3d 3d 3d 3d 3d 3d 3d  3d 3d 3d 3d 3d 3d 3d 3d
3d 3d 3d 3d 3d 3d 3d 3d  3d 3d 3d 3d 3d 3d 3d 0a
0a 49 6e 20 71 75 65 73  74 6f 20 63 61 70 69 74
6f 6c 6f 20 61 62 62 69  61 6d 6f 20 76 61 6c 75
74 61 74 6f 20 69 6c 20  73 69 73 74 65 6d 61 20
6c 75 6e 67 6f 20 64 75  65 20 61 73 73 69 20 63
6f 6d 70 6c 65 6d 65 6e  74 61 72 69 2e 20 53 75
6c 20 70 69 61 6e 6f 20  64 65 6c 6c 27 5c 74 65
78 74 62 66 7b 65 66 66  69 63 69 65 6e 7a 61 7d
2c 20 69 6c 20 73 69 73  74 65 6d 61 20 6d 6f 73
74 72 61 20 74 65 6d 70  69 20 64 69 20 67 65 6e
65 72 61 7a 69 6f 6e 65  20 63 6f 6e 74 65 6e 75
74 69 20 28 6d 65 64 69  61 20 37 2e 34 35 73 20
73 75 20 47 50 55 29 2c  20 75 6e 20 74 61 73 73
6f 20 64 69 20 65 73 65  63 75 7a 69 6f 6e 65 20
63 6f 72 72 65 74 74 61  20 64 65 6c 20 31 30 30
5c 25 20 65 20 75 6e 61  20 72 61 70 69 64 61 20
63 6f 6e 76 65 72 67 65  6e 7a 61 20 69 6e 20 66
61 73 65 20 64 69 20 74  72 61 69 6e 69 6e 67 20
28 6c 6f 73 73 20 73 74  61 62 69 6c 69 7a 7a 61
74 61 20 67 69 c3 a0 20  61 20 63 69 72 63 61 20
75 6e 20 74 65 72 7a 6f  20 64 65 6c 20 74 72 61
69 6e 69 6e 67 20 74 6f  74 61 6c 65 29 2e 20 53
75 6c 20 70 69 61 6e 6f  20 64 65 6c 6c 27 5c 74
65 78 74 62 66 7b 65 66  66 69 63 61 63 69 61 7d
2c 20 6c 65 20 6d 65 74  72 69 63 68 65 20 64 69
20 72 65 74 72 69 65 76  61 6c 20 28 70 72 65 63
69 73 69 6f 6e 2c 20 72  65 63 61 6c 6c 2c 20 46
31 29 20 72 61 67 67 69  75 6e 67 6f 6e 6f 20 69
6c 20 76 61 6c 6f 72 65  20 6d 61 73 73 69 6d 6f
20 73 75 20 74 75 74 74  65 20 6c 65 20 63 61 74
65 67 6f 72 69 65 20 74  65 73 74 61 74 65 3a 20
75 6e 20 72 69 73 75 6c  74 61 74 6f 20 63 68 65
2c 20 63 6f 6d 65 20 64  69 73 63 75 73 73 6f 20
69 6e 20 5c 63 72 65 66  7b 73 75 62 73 65 63 3a
6e 6f 74 61 5f 63 72 69  74 69 63 61 7d 2c 20 76
61 20 61 74 74 72 69 62  75 69 74 6f 20 70 72 69
6e 63 69 70 61 6c 6d 65  6e 74 65 20 61 6c 6c 27
65 66 66 69 63 61 63 69  61 20 64 65 6c 6c 65 20
72 65 67 6f 6c 65 20 64  69 20 76 69 6e 63 6f 6c
6f 20 73 69 6e 74 61 74  74 69 63 6f 20 69 6d 70
6f 73 74 65 20 64 61 6c  20 73 79 73 74 65 6d 20
70 72 6f 6d 70 74 20 65  20 61 6c 6c 61 20 6e 61
74 75 72 61 20 69 6e 2d  64 69 73 74 72 69 62 75
7a 69 6f 6e 65 20 64 65  6c 20 74 65 73 74 20 73
65 74 2c 20 70 69 c3 b9  20 63 68 65 20 61 20 75
6e 61 20 64 69 6d 6f 73  74 72 61 74 61 20 63 61
70 61 63 69 74 c3 a0 20  64 69 20 67 65 6e 65 72
61 6c 69 7a 7a 61 7a 69  6f 6e 65 20 73 75 20 69
6e 70 75 74 20 63 6f 6d  70 6c 65 74 61 6d 65 6e
74 65 20 6c 69 62 65 72  69 2e 0a 0a 49 6c 20 5c
63 72 65 66 7b 63 68 61  70 3a 63 6f 6e 63 6c 75
73 69 6f 6e 69 7d 20 72  69 70 72 65 6e 64 65 20
71 75 65 73 74 69 20 72  69 73 75 6c 74 61 74 69
20 70 65 72 20 62 69 6c  61 6e 63 69 61 72 65 20
69 20 70 75 6e 74 69 20  64 69 20 66 6f 72 7a 61
20 64 65 6c 20 73 69 73  74 65 6d 61 20 63 6f 6e
20 69 20 73 75 6f 69 20  6c 69 6d 69 74 69 20 6e
6f 74 69 2c 20 65 20 70  65 72 20 64 65 6c 69 6e
65 61 72 65 20 67 6c 69  20 73 76 69 6c 75 70 70
69 20 66 75 74 75 72 69  20 6e 65 63 65 73 73 61
72 69 20 61 20 75 6e 61  20 76 61 6c 75 74 61 7a
69 6f 6e 65 20 70 69 c3  b9 20 72 69 67 6f 72 6f
73 61 20 65 20 61 20 75  6e 20 75 74 69 6c 69 7a
7a 6f 20 69 6e 20 70 72  6f 64 75 7a 69 6f 6e 65
20 64 65 6c 20 73 69 73  74 65 6d 61 2e
